combined_iter,pair_id,source,destination,vehicle_cat,step,cur_node,event,best_cost,ar,path
0,0,9,0,0,4,TRIGGER_KEPT,526.42,169.54,0-4-5-9
0,0,9,0,1,5,TRIGGER_KEPT,526.42,357.98,0-4-5-9
0,0,9,0,2,9,OK,526.42,644.25,0-4-5-9
1,0,9,1,0,4,REROUTE,550.72,163.91,4-5-9
1,0,9,1,1,5,OK,550.72,307.80,4-5-9
1,0,9,1,2,9,OK,550.72,592.33,4-5-9
2,0,9,2,0,0,REROUTE,167.90,167.90,0-1-2-6-9
2,0,9,2,1,1,OK,167.90,286.04,0-1-2-6-9
2,0,9,2,2,2,OK,167.90,386.04,0-1-2-6-9
2,0,9,2,3,6,OK,167.90,510.61,0-1-2-6-9
2,0,9,2,4,9,OK,167.90,622.38,0-1-2-6-9
3,0,9,3,0,4,REROUTE,420.98,165.07,4-8-9
3,0,9,3,1,8,OK,420.98,306.49,4-8-9
3,0,9,3,2,9,OK,420.98,406.49,4-8-9
4,0,7,0,0,4,REROUTE,627.94,162.26,4-5-6-7
4,0,7,0,1,5,REROUTE,654.78,330.53,5-6-7
4,0,7,0,2,6,REROUTE,661.47,494.38,6-7
4,0,7,0,3,7,OK,661.47,663.84,6-7
5,0,7,1,0,4,TRIGGER_KEPT,595.83,164.72,0-4-5-6-7
5,0,7,1,1,5,REROUTE,676.08,350.13,5-6-7
5,0,7,1,2,6,REROUTE,691.24,520.45,6-7
5,0,7,1,3,7,OK,691.24,693.89,6-7
6,0,7,2,0,1,TRIGGER_KEPT,500.00,133.65,0-1-2-3-7
6,0,7,2,1,2,OK,500.00,236.27,0-1-2-3-7
6,0,7,2,2,3,OK,500.00,336.27,0-1-2-3-7
6,0,7,2,3,7,OK,500.00,608.41,0-1-2-3-7
7,0,7,3,0,1,REROUTE,517.84,123.98,1-2-3-7
7,0,7,3,1,2,OK,517.84,229.48,1-2-3-7
7,0,7,3,2,3,OK,517.84,329.48,1-2-3-7
7,0,7,3,3,7,OK,517.84,558.23,1-2-3-7
8,0,3,0,0,1,TRIGGER_KEPT,325.00,133.98,0-1-2-3
8,0,3,0,1,2,OK,325.00,233.98,0-1-2-3
8,0,3,0,2,3,OK,325.00,339.08,0-1-2-3
9,0,3,1,0,1,REROUTE,338.91,135.83,1-2-3
9,0,3,1,1,2,OK,338.91,235.83,1-2-3
9,0,3,1,2,3,OK,338.91,339.81,1-2-3
10,0,3,2,0,1,TRIGGER_KEPT,325.00,141.15,0-1-2-3
10,0,3,2,1,2,OK,325.00,247.81,0-1-2-3
10,0,3,2,2,3,OK,325.00,347.81,0-1-2-3
11,0,3,3,0,1,TRIGGER_KEPT,325.00,134.68,0-1-2-3
11,0,3,3,1,2,OK,325.00,240.52,0-1-2-3
11,0,3,3,2,3,OK,325.00,340.52,0-1-2-3
12,1,8,0,0,0,OK,731.42,108.12,1-0-4-5-9-8
12,1,8,0,1,4,REROUTE,842.67,289.71,4-5-9-8
12,1,8,0,2,5,TRIGGER_KEPT,842.67,476.45,4-5-9-8
12,1,8,0,3,9,TRIGGER_KEPT,842.67,772.63,4-5-9-8
12,1,8,0,4,8,OK,842.67,890.94,4-5-9-8
13,1,8,1,0,0,TRIGGER_KEPT,731.42,111.46,1-0-4-5-9-8
13,1,8,1,1,4,REROUTE,853.53,289.50,4-5-9-8
13,1,8,1,2,5,TRIGGER_KEPT,853.53,483.91,4-5-9-8
13,1,8,1,3,9,TRIGGER_KEPT,853.53,819.65,4-5-9-8
13,1,8,1,4,8,OK,853.53,923.11,4-5-9-8
14,1,8,2,0,0,OK,401.42,104.28,1-0-4-8
14,1,8,2,1,1,REROUTE,292.27,292.27,1-2-6-9-8
14,1,8,2,2,2,OK,292.27,393.85,1-2-6-9-8
14,1,8,2,3,6,OK,292.27,513.94,1-2-6-9-8
14,1,8,2,4,9,OK,292.27,662.43,1-2-6-9-8
14,1,8,2,5,8,OK,292.27,762.43,1-2-6-9-8
15,1,8,3,0,1,REROUTE,119.55,119.55,1-5-8
15,1,8,3,1,1,REROUTE,276.53,276.53,1-0-4-8
15,1,8,3,2,1,REROUTE,422.83,422.83,1-5-8
15,1,8,3,3,1,REROUTE,592.92,592.92,1-2-6-9-8
15,1,8,3,4,2,OK,592.92,692.92,1-2-6-9-8
15,1,8,3,5,6,OK,592.92,834.92,1-2-6-9-8
15,1,8,3,6,1,REROUTE,990.20,990.20,1-5-8
15,1,8,3,7,1,REROUTE,1178.88,1178.88,1-2-6-9-8
15,1,8,3,8,2,OK,1178.88,1278.88,1-2-6-9-8
15,1,8,3,9,1,REROUTE,1405.80,1405.80,1-5-4-8
15,1,8,3,10,1,REROUTE,1617.26,1617.26,1-2-6-9-8
15,1,8,3,11,2,OK,1617.26,1717.26,1-2-6-9-8
15,1,8,3,12,1,REROUTE,1826.04,1826.04,1-5-4-8
15,1,8,3,13,1,REROUTE,2039.67,2039.67,1-2-6-9-8
15,1,8,3,14,2,OK,2039.67,2139.67,1-2-6-9-8
15,1,8,3,15,6,OK,2039.67,2239.67,1-2-6-9-8
15,1,8,3,16,1,REROUTE,2576.94,2576.94,1-5-8
15,1,8,3,17,1,REROUTE,2793.10,2793.10,1-2-6-9-8
15,1,8,3,18,2,OK,2793.10,2893.10,1-2-6-9-8
15,1,8,3,19,6,OK,2793.10,2993.10,1-2-6-9-8
16,1,9,0,0,0,OK,631.42,108.80,1-0-4-5-9
16,1,9,0,1,4,REROUTE,749.04,292.70,4-5-9
16,1,9,0,2,5,REROUTE,812.08,465.30,5-9
16,1,9,0,3,9,OK,812.08,881.88,5-9
17,1,9,1,0,0,OK,631.42,106.83,1-0-4-5-9
17,1,9,1,1,4,REROUTE,725.66,274.92,4-5-9
17,1,9,1,2,5,REROUTE,744.00,429.37,5-9
17,1,9,1,3,9,OK,744.00,775.53,5-9
18,1,9,2,0,5,OK,415.00,140.29,1-5-6-9
18,1,9,2,1,1,REROUTE,308.33,308.33,1-5-9
18,1,9,2,2,5,OK,308.33,445.63,1-5-9
18,1,9,2,3,9,OK,308.33,787.84,1-5-9
19,1,9,3,0,2,OK,375.00,108.51,1-2-6-9
19,1,9,3,1,1,REROUTE,258.66,258.66,1-5-9
19,1,9,3,2,5,OK,258.66,402.61,1-5-9
19,1,9,3,3,9,OK,258.66,745.03,1-5-9
20,2,8,0,0,1,OK,846.42,119.36,2-1-0-4-5-9-8
20,2,8,0,1,0,TRIGGER_KEPT,846.42,235.95,2-1-0-4-5-9-8
20,2,8,0,2,4,REROUTE,935.97,421.91,4-5-9-8
20,2,8,0,3,5,TRIGGER_KEPT,935.97,559.84,4-5-9-8
20,2,8,0,4,9,TRIGGER_KEPT,935.97,843.11,4-5-9-8
20,2,8,0,5,8,OK,935.97,943.11,4-5-9-8
21,2,8,1,0,1,TRIGGER_KEPT,846.42,121.06,2-1-0-4-5-9-8
21,2,8,1,1,0,OK,846.42,223.54,2-1-0-4-5-9-8
21,2,8,1,2,4,REROUTE,933.09,399.92,4-5-9-8
21,2,8,1,3,5,TRIGGER_KEPT,933.09,556.51,4-5-9-8
21,2,8,1,4,9,REROUTE,951.97,846.23,9-8
21,2,8,1,5,8,OK,951.97,953.02,9-8
22,2,8,2,0,6,OK,365.00,143.65,2-6-9-8
22,2,8,2,1,2,REROUTE,243.65,243.65,2-6-5-4-8
22,2,8,2,2,6,OK,243.65,379.68,2-6-5-4-8
22,2,8,2,3,5,OK,243.65,482.18,2-6-5-4-8
22,2,8,2,4,4,OK,243.65,582.18,2-6-5-4-8
22,2,8,2,5,8,OK,243.65,724.39,2-6-5-4-8
23,2,8,3,0,2,REROUTE,141.08,141.08,2-1-5-4-8
23,2,8,3,1,1,OK,141.08,260.34,2-1-5-4-8
23,2,8,3,2,2,REROUTE,389.45,389.45,2-6-9-8
23,2,8,3,3,2,REROUTE,492.84,492.84,2-1-5-4-8
23,2,8,3,4,1,OK,492.84,616.26,2-1-5-4-8
23,2,8,3,5,5,OK,492.84,716.26,2-1-5-4-8
23,2,8,3,6,4,OK,492.84,816.26,2-1-5-4-8
23,2,8,3,7,8,OK,492.84,1022.61,2-1-5-4-8
24,2,9,0,0,1,OK,746.42,119.65,2-1-0-4-5-9
24,2,9,0,1,0,OK,746.42,232.62,2-1-0-4-5-9
24,2,9,0,2,4,REROUTE,887.82,426.31,4-5-9
24,2,9,0,3,5,TRIGGER_KEPT,887.82,620.23,4-5-9
24,2,9,0,4,9,OK,887.82,911.24,4-5-9
25,2,9,1,0,1,REROUTE,794.73,122.15,1-0-4-5-9
25,2,9,1,1,0,TRIGGER_KEPT,794.73,231.15,1-0-4-5-9
25,2,9,1,2,4,REROUTE,898.08,396.76,4-5-9
25,2,9,1,3,5,REROUTE,926.22,586.74,5-9
25,2,9,1,4,9,OK,926.22,935.12,5-9
26,2,9,2,0,6,OK,265.00,145.21,2-6-9
26,2,9,2,1,9,OK,265.00,304.67,2-6-9
27,2,9,3,0,6,OK,265.00,143.51,2-6-9
27,2,9,3,1,9,OK,265.00,267.54,2-6-9
28,3,9,0,0,2,OK,848.92,102.50,3-2-1-0-4-5-9
28,3,9,0,1,1,OK,848.92,223.72,3-2-1-0-4-5-9
28,3,9,0,2,0,REROUTE,962.46,358.61,0-4-5-9
28,3,9,0,3,4,REROUTE,978.40,534.59,4-5-9
28,3,9,0,4,5,TRIGGER_KEPT,978.40,692.44,4-5-9
28,3,9,0,5,9,OK,978.40,1004.63,4-5-9
29,3,9,1,0,2,OK,848.92,102.50,3-2-1-0-4-5-9
29,3,9,1,1,1,TRIGGER_KEPT,848.92,231.60,3-2-1-0-4-5-9
29,3,9,1,2,0,REROUTE,1129.64,380.39,0-4-5-9
29,3,9,1,3,4,REROUTE,1226.06,568.99,4-5-9
29,3,9,1,4,5,TRIGGER_KEPT,1226.06,991.80,4-5-9
29,3,9,1,5,9,OK,1226.06,1367.10,4-5-9
30,3,9,2,0,2,OK,367.50,102.50,3-2-6-9
30,3,9,2,1,6,OK,367.50,248.34,3-2-6-9
30,3,9,2,2,9,OK,367.50,348.34,3-2-6-9
31,3,9,3,0,2,OK,367.50,102.50,3-2-6-9
31,3,9,3,1,6,OK,367.50,247.87,3-2-6-9
31,3,9,3,2,9,OK,367.50,380.67,3-2-6-9
32,4,7,0,0,5,TRIGGER_KEPT,440.83,162.22,4-5-6-7
32,4,7,0,1,6,REROUTE,503.98,330.15,6-7
32,4,7,0,2,7,OK,503.98,527.55,6-7
33,4,7,1,0,5,TRIGGER_KEPT,440.83,163.97,4-5-6-7
33,4,7,1,1,6,TRIGGER_KEPT,440.83,335.17,4-5-6-7
33,4,7,1,2,7,OK,440.83,549.61,4-5-6-7
34,4,7,2,0,4,REROUTE,166.53,166.53,4-8-9-6-7
34,4,7,2,1,8,OK,166.53,313.87,4-8-9-6-7
34,4,7,2,2,9,OK,166.53,429.33,4-8-9-6-7
34,4,7,2,3,6,OK,166.53,558.01,4-8-9-6-7
34,4,7,2,4,7,OK,166.53,783.44,4-8-9-6-7
35,4,7,3,0,4,REROUTE,146.98,146.98,4-5-6-7
35,4,7,3,1,4,REROUTE,297.32,297.32,4-8-9-6-7
35,4,7,3,2,4,REROUTE,463.04,463.04,4-5-6-7
35,4,7,3,3,4,REROUTE,607.53,607.53,4-8-9-6-7
35,4,7,3,4,4,REROUTE,789.83,789.83,4-5-6-7
35,4,7,3,5,4,REROUTE,921.10,921.10,4-8-9-6-7
35,4,7,3,6,4,REROUTE,1137.77,1137.77,4-5-6-7
35,4,7,3,7,4,REROUTE,1237.77,1237.77,4-8-9-6-7
35,4,7,3,8,4,REROUTE,1500.10,1500.10,4-5-6-7
35,4,7,3,9,5,OK,1500.10,1600.10,4-5-6-7
35,4,7,3,10,4,REROUTE,1878.52,1878.52,4-0-1-2-3-7
35,4,7,3,11,0,OK,1878.52,1994.46,4-0-1-2-3-7
35,4,7,3,12,4,REROUTE,2599.48,2599.48,4-5-6-7
35,4,7,3,13,5,OK,2599.48,2699.48,4-5-6-7
35,4,7,3,14,4,REROUTE,3012.80,3012.80,4-0-1-2-3-7
35,4,7,3,15,0,OK,3012.80,3130.50,4-0-1-2-3-7
35,4,7,3,16,4,REROUTE,3860.71,3860.71,4-5-6-7
35,4,7,3,17,4,REROUTE,3978.80,3978.80,4-0-1-2-3-7
35,4,7,3,18,0,OK,3978.80,4093.20,4-0-1-2-3-7
35,4,7,3,19,4,REROUTE,4844.20,4844.20,4-5-6-7
36,4,9,0,0,5,TRIGGER_KEPT,371.42,163.92,4-5-9
36,4,9,0,1,9,OK,371.42,413.82,4-5-9
37,4,9,1,0,5,TRIGGER_KEPT,371.42,157.77,4-5-9
37,4,9,1,1,9,OK,371.42,406.71,4-5-9
38,4,9,2,0,8,OK,258.09,141.42,4-8-9
38,4,9,2,1,9,OK,258.09,265.98,4-8-9
39,4,9,3,0,8,OK,258.09,141.42,4-8-9
39,4,9,3,1,9,OK,258.09,249.25,4-8-9
40,5,9,0,0,9,OK,231.42,245.10,5-9
41,5,9,1,0,9,OK,231.42,245.87,5-9
42,5,9,2,0,5,REROUTE,157.77,157.77,5-9
42,5,9,2,1,9,OK,157.77,451.15,5-9
43,5,9,3,0,5,REROUTE,163.60,163.60,5-9
43,5,9,3,1,9,OK,163.60,436.91,5-9
44,6,9,0,0,5,OK,333.92,102.50,6-5-9
44,6,9,0,1,9,OK,333.92,349.50,6-5-9
45,6,9,1,0,5,OK,333.92,102.50,6-5-9
45,6,9,1,1,9,OK,333.92,363.79,6-5-9
46,6,9,2,0,9,OK,117.50,128.99,6-9
47,6,9,3,0,9,OK,117.50,116.33,6-9
48,7,0,0,0,6,OK,437.50,106.39,7-6-5-4-0
48,7,0,0,1,5,OK,437.50,208.89,7-6-5-4-0
48,7,0,0,2,4,OK,437.50,311.90,7-6-5-4-0
48,7,0,0,3,0,OK,437.50,421.33,7-6-5-4-0
49,7,0,1,0,6,OK,437.50,106.52,7-6-5-4-0
49,7,0,1,1,5,OK,437.50,209.02,7-6-5-4-0
49,7,0,1,2,4,REROUTE,426.61,310.32,4-0
49,7,0,1,3,0,OK,426.61,427.71,4-0
50,7,0,2,0,6,OK,430.00,108.10,7-6-5-1-0
50,7,0,2,1,5,OK,430.00,210.60,7-6-5-1-0
50,7,0,2,2,1,OK,430.00,328.10,7-6-5-1-0
50,7,0,2,3,0,OK,430.00,428.10,7-6-5-1-0
51,7,0,3,0,6,OK,430.00,108.50,7-6-5-1-0
51,7,0,3,1,5,OK,430.00,211.00,7-6-5-1-0
51,7,0,3,2,1,OK,430.00,328.50,7-6-5-1-0
51,7,0,3,3,0,OK,430.00,449.08,7-6-5-1-0
52,7,9,0,0,6,OK,438.92,105.11,7-6-5-9
52,7,9,0,1,5,OK,438.92,207.61,7-6-5-9
52,7,9,0,2,9,OK,438.92,539.40,7-6-5-9
53,7,9,1,0,6,OK,438.92,106.60,7-6-5-9
53,7,9,1,1,5,OK,438.92,209.10,7-6-5-9
53,7,9,1,2,9,OK,438.92,540.42,7-6-5-9
54,7,9,2,0,6,OK,222.50,107.26,7-6-9
54,7,9,2,1,9,OK,222.50,218.41,7-6-9
55,7,9,3,0,6,OK,222.50,107.69,7-6-9
55,7,9,3,1,9,OK,222.50,214.82,7-6-9
56,8,1,0,0,9,OK,648.09,112.74,8-9-5-4-0-1
56,8,1,0,1,5,REROUTE,669.12,300.03,5-4-0-1
56,8,1,0,2,4,OK,669.12,413.37,5-4-0-1
56,8,1,0,3,0,OK,669.12,528.26,5-4-0-1
56,8,1,0,4,1,OK,669.12,699.89,5-4-0-1
57,8,1,1,0,9,OK,648.09,117.89,8-9-5-4-0-1
57,8,1,1,1,5,TRIGGER_KEPT,648.09,312.07,8-9-5-4-0-1
57,8,1,1,2,4,OK,648.09,419.76,8-9-5-4-0-1
57,8,1,1,3,0,OK,648.09,539.21,8-9-5-4-0-1
57,8,1,1,4,1,OK,648.09,840.50,8-9-5-4-0-1
58,8,1,2,0,4,OK,380.59,149.75,8-4-0-1
58,8,1,2,1,0,OK,380.59,265.07,8-4-0-1
58,8,1,2,2,1,OK,380.59,428.18,8-4-0-1
59,8,1,3,0,5,OK,235.00,121.81,8-5-1
59,8,1,3,1,1,OK,235.00,239.31,8-5-1
60,9,0,0,0,5,TRIGGER_KEPT,416.42,189.20,9-5-4-0
60,9,0,0,1,4,REROUTE,405.35,292.23,4-0
60,9,0,0,2,0,OK,405.35,402.38,4-0
61,9,0,1,0,5,REROUTE,416.01,188.62,5-4-0
61,9,0,1,1,4,OK,416.01,299.54,5-4-0
61,9,0,1,2,0,OK,416.01,413.23,5-4-0
62,9,0,2,0,8,OK,365.59,100.00,9-8-4-0
62,9,0,2,1,4,TRIGGER_KEPT,365.59,262.95,9-8-4-0
62,9,0,2,2,0,OK,365.59,384.47,9-8-4-0
63,9,0,3,0,8,OK,365.59,100.00,9-8-4-0
63,9,0,3,1,4,TRIGGER_KEPT,365.59,270.12,9-8-4-0
63,9,0,3,2,0,OK,365.59,391.50,9-8-4-0
64,9,3,0,0,5,REROUTE,760.02,187.34,5-4-0-1-2-3
64,9,3,0,1,4,REROUTE,780.72,289.78,4-0-1-2-3
64,9,3,0,2,0,OK,780.72,411.00,4-0-1-2-3
64,9,3,0,3,1,TRIGGER_KEPT,780.72,678.63,4-0-1-2-3
64,9,3,0,4,2,OK,780.72,778.63,4-0-1-2-3
64,9,3,0,5,3,OK,780.72,883.45,4-0-1-2-3
65,9,3,1,0,5,TRIGGER_KEPT,741.42,189.83,9-5-4-0-1-2-3
65,9,3,1,1,4,OK,741.42,297.35,9-5-4-0-1-2-3
65,9,3,1,2,0,OK,741.42,413.14,9-5-4-0-1-2-3
65,9,3,1,3,1,TRIGGER_KEPT,741.42,641.14,9-5-4-0-1-2-3
65,9,3,1,4,2,OK,741.42,745.38,9-5-4-0-1-2-3
65,9,3,1,5,3,OK,741.42,845.43,9-5-4-0-1-2-3
66,9,3,2,0,9,REROUTE,129.37,129.37,9-5-1-2-3
66,9,3,2,1,9,REROUTE,315.04,315.04,9-6-2-3
66,9,3,2,2,9,REROUTE,464.57,464.57,9-5-1-2-3
66,9,3,2,3,9,REROUTE,649.36,649.36,9-6-2-3
66,9,3,2,4,9,REROUTE,829.28,829.28,9-5-1-2-3
66,9,3,2,5,9,REROUTE,1011.20,1011.20,9-6-2-3
66,9,3,2,6,9,REROUTE,1220.44,1220.44,9-5-1-2-3
66,9,3,2,7,9,REROUTE,1401.36,1401.36,9-6-2-3
66,9,3,2,8,9,REROUTE,1638.08,1638.08,9-5-1-2-3
66,9,3,2,9,9,REROUTE,1816.27,1816.27,9-6-7-3
66,9,3,2,10,9,REROUTE,2069.60,2069.60,9-5-1-2-3
66,9,3,2,11,9,REROUTE,2242.94,2242.94,9-6-7-3
66,9,3,2,12,9,REROUTE,2503.30,2503.30,9-5-1-2-3
66,9,3,2,13,9,REROUTE,2667.94,2667.94,9-6-7-3
66,9,3,2,14,9,REROUTE,2927.24,2927.24,9-5-1-2-3
66,9,3,2,15,9,REROUTE,3081.10,3081.10,9-6-7-3
66,9,3,2,16,9,REROUTE,3346.56,3346.56,9-5-1-2-3
66,9,3,2,17,5,OK,3346.56,3491.88,9-5-1-2-3
66,9,3,2,18,1,OK,3346.56,3609.38,9-5-1-2-3
66,9,3,2,19,2,OK,3346.56,3709.38,9-5-1-2-3
67,9,3,3,0,9,REROUTE,189.24,189.24,9-6-2-3
67,9,3,3,1,9,REROUTE,344.87,344.87,9-5-1-2-3
67,9,3,3,2,9,REROUTE,539.44,539.44,9-6-2-3
67,9,3,3,3,9,REROUTE,745.38,745.38,9-5-1-2-3
67,9,3,3,4,9,REROUTE,946.39,946.39,9-6-2-3
67,9,3,3,5,9,REROUTE,1201.04,1201.04,9-5-1-2-3
67,9,3,3,6,9,REROUTE,1412.24,1412.24,9-6-2-3
67,9,3,3,7,9,REROUTE,1737.77,1737.77,9-5-1-2-3
67,9,3,3,8,9,REROUTE,1952.57,1952.57,9-6-2-3
67,9,3,3,9,9,REROUTE,2373.94,2373.94,9-5-1-2-3
67,9,3,3,10,9,REROUTE,2590.56,2590.56,9-6-2-3
67,9,3,3,11,9,REROUTE,3097.85,3097.85,9-5-1-2-3
67,9,3,3,12,9,REROUTE,3314.87,3314.87,9-6-2-3
67,9,3,3,13,9,REROUTE,3992.68,3992.68,9-5-1-2-3
67,9,3,3,14,9,REROUTE,4210.38,4210.38,9-6-2-3
67,9,3,3,15,9,REROUTE,5178.86,5178.86,9-5-1-2-3
67,9,3,3,16,9,REROUTE,5394.89,5394.89,9-6-2-3
67,9,3,3,17,9,REROUTE,6840.23,6840.23,9-5-1-2-3
67,9,3,3,18,9,REROUTE,7055.84,7055.84,9-6-2-3
67,9,3,3,19,9,REROUTE,9460.59,9460.59,9-5-1-2-3
0,0,9,0,0,4,REROUTE,794.89,170.24,4-5-9
0,0,9,0,1,5,TRIGGER_KEPT,794.89,372.41,4-5-9
0,0,9,0,2,9,OK,794.89,897.44,4-5-9
1,0,9,1,0,4,TRIGGER_KEPT,697.76,162.60,0-4-5-9
1,0,9,1,1,5,REROUTE,835.50,406.03,5-9
1,0,9,1,2,9,OK,835.50,880.34,5-9
2,0,9,2,0,4,TRIGGER_KEPT,455.30,167.82,0-4-8-9
2,0,9,2,1,8,TRIGGER_KEPT,455.30,366.11,0-4-8-9
2,0,9,2,2,9,OK,455.30,516.55,0-4-8-9
3,0,9,3,0,4,TRIGGER_KEPT,455.30,161.79,0-4-8-9
3,0,9,3,1,8,TRIGGER_KEPT,455.30,353.20,0-4-8-9
3,0,9,3,2,9,OK,455.30,494.31,0-4-8-9
4,0,7,0,0,4,TRIGGER_KEPT,656.83,168.65,0-4-5-6-7
4,0,7,0,1,5,TRIGGER_KEPT,656.83,378.97,0-4-5-6-7
4,0,7,0,2,6,TRIGGER_KEPT,656.83,548.77,0-4-5-6-7
4,0,7,0,3,7,OK,656.83,769.04,0-4-5-6-7
5,0,7,1,0,4,TRIGGER_KEPT,656.83,169.27,0-4-5-6-7
5,0,7,1,1,5,REROUTE,765.73,386.50,5-6-7
5,0,7,1,2,6,TRIGGER_KEPT,765.73,580.15,5-6-7
5,0,7,1,3,7,OK,765.73,808.80,5-6-7
6,0,7,2,0,0,REROUTE,220.92,220.92,0-4-8-9-6-7
6,0,7,2,1,0,REROUTE,389.02,389.02,0-1-5-6-7
6,0,7,2,2,0,REROUTE,763.21,763.21,0-4-8-9-6-7
6,0,7,2,3,0,REROUTE,935.79,935.79,0-1-5-6-7
6,0,7,2,4,0,REROUTE,1608.30,1608.30,0-4-8-9-6-7
6,0,7,2,5,0,REROUTE,1784.45,1784.45,0-1-5-6-7
6,0,7,2,6,0,REROUTE,2650.35,2650.35,0-4-8-9-6-7
6,0,7,2,7,0,REROUTE,2828.33,2828.33,0-1-5-6-7
6,0,7,2,8,0,REROUTE,3885.21,3885.21,0-4-8-9-6-7
6,0,7,2,9,0,REROUTE,4064.51,4064.51,0-1-5-6-7
6,0,7,2,10,0,REROUTE,5304.91,5304.91,0-4-8-9-6-7
6,0,7,2,11,0,REROUTE,5483.83,5483.83,0-1-5-6-7
6,0,7,2,12,0,REROUTE,6982.90,6982.90,0-4-8-9-6-7
6,0,7,2,13,0,REROUTE,7164.32,7164.32,0-1-5-6-7
6,0,7,2,14,0,REROUTE,8775.09,8775.09,0-4-8-9-6-7
6,0,7,2,15,0,REROUTE,8959.59,8959.59,0-1-5-6-7
6,0,7,2,16,0,REROUTE,10750.48,10750.48,0-4-8-9-6-7
6,0,7,2,17,0,REROUTE,10939.88,10939.88,0-1-5-6-7
6,0,7,2,18,0,REROUTE,12930.90,12930.90,0-4-8-9-6-7
6,0,7,2,19,0,REROUTE,13111.27,13111.27,0-1-5-6-7
7,0,7,3,0,0,REROUTE,191.95,191.95,0-4-8-9-6-7
7,0,7,3,1,0,REROUTE,360.23,360.23,0-1-5-6-7
7,0,7,3,2,0,REROUTE,590.47,590.47,0-4-8-9-6-7
7,0,7,3,3,0,REROUTE,770.25,770.25,0-1-5-6-7
7,0,7,3,4,0,REROUTE,1033.70,1033.70,0-4-8-9-6-7
7,0,7,3,5,0,REROUTE,1224.92,1224.92,0-1-5-6-7
7,0,7,3,6,0,REROUTE,1525.44,1525.44,0-4-8-9-6-7
7,0,7,3,7,0,REROUTE,1727.54,1727.54,0-1-5-6-7
7,0,7,3,8,0,REROUTE,2063.78,2063.78,0-4-8-9-6-7
7,0,7,3,9,0,REROUTE,2275.76,2275.76,0-1-5-6-7
7,0,7,3,10,0,REROUTE,2637.61,2637.61,0-4-8-9-6-7
7,0,7,3,11,0,REROUTE,2852.62,2852.62,0-1-5-6-7
7,0,7,3,12,0,REROUTE,3225.12,3225.12,0-4-8-9-6-7
7,0,7,3,13,0,REROUTE,3446.00,3446.00,0-1-5-6-7
7,0,7,3,14,0,REROUTE,3829.73,3829.73,0-4-8-9-6-7
7,0,7,3,15,0,REROUTE,4054.36,4054.36,0-1-5-6-7
7,0,7,3,16,0,REROUTE,4464.95,4464.95,0-4-8-9-6-7
7,0,7,3,17,0,REROUTE,4690.84,4690.84,0-1-5-6-7
7,0,7,3,18,0,REROUTE,5127.41,5127.41,0-4-8-9-6-7
7,0,7,3,19,0,REROUTE,5353.08,5353.08,0-1-5-6-7
8,0,3,0,0,1,TRIGGER_KEPT,462.00,207.51,0-1-2-3
8,0,3,0,1,2,TRIGGER_KEPT,462.00,399.77,0-1-2-3
8,0,3,0,2,3,OK,462.00,521.40,0-1-2-3
9,0,3,1,0,1,TRIGGER_KEPT,462.00,219.49,0-1-2-3
9,0,3,1,1,2,TRIGGER_KEPT,462.00,427.35,0-1-2-3
9,0,3,1,2,3,OK,462.00,575.92,0-1-2-3
10,0,3,2,0,1,REROUTE,548.92,209.38,1-2-3
10,0,3,2,1,2,TRIGGER_KEPT,548.92,421.32,1-2-3
10,0,3,2,2,3,OK,548.92,579.66,1-2-3
11,0,3,3,0,1,TRIGGER_KEPT,462.00,231.91,0-1-2-3
11,0,3,3,1,2,TRIGGER_KEPT,462.00,444.70,0-1-2-3
11,0,3,3,2,3,OK,462.00,603.43,0-1-2-3
12,1,8,0,0,0,REROUTE,1049.74,128.04,0-4-5-9-8
12,1,8,0,1,4,TRIGGER_KEPT,1049.74,298.88,0-4-5-9-8
12,1,8,0,2,5,TRIGGER_KEPT,1049.74,535.56,0-4-5-9-8
12,1,8,0,3,9,REROUTE,1344.24,1189.51,9-8
12,1,8,0,4,8,OK,1344.24,1353.41,9-8
13,1,8,1,0,0,REROUTE,1042.99,132.26,0-4-5-9-8
13,1,8,1,1,4,TRIGGER_KEPT,1042.99,312.41,0-4-5-9-8
13,1,8,1,2,5,REROUTE,1179.22,550.40,5-9-8
13,1,8,1,3,9,TRIGGER_KEPT,1179.22,1094.28,5-9-8
13,1,8,1,4,8,OK,1179.22,1248.18,5-9-8
14,1,8,2,0,0,OK,433.63,112.51,1-0-4-8
14,1,8,2,1,4,TRIGGER_KEPT,433.63,295.44,1-0-4-8
14,1,8,2,2,8,OK,433.63,528.60,1-0-4-8
15,1,8,3,0,1,REROUTE,155.50,155.50,1-0-4-8
15,1,8,3,1,1,REROUTE,320.47,320.47,1-5-8
15,1,8,3,2,1,REROUTE,443.06,443.06,1-0-4-8
15,1,8,3,3,1,REROUTE,642.22,642.22,1-5-8
15,1,8,3,4,1,REROUTE,742.22,742.22,1-0-4-8
15,1,8,3,5,1,REROUTE,962.00,962.00,1-5-8
15,1,8,3,6,5,OK,962.00,1062.00,1-5-8
15,1,8,3,7,8,OK,962.00,1381.14,1-5-8
16,1,9,0,0,0,OK,808.76,112.96,1-0-4-5-9
16,1,9,0,1,4,REROUTE,928.26,282.76,4-5-9
16,1,9,0,2,5,REROUTE,964.83,516.19,5-9
16,1,9,0,3,9,OK,964.83,995.73,5-9
17,1,9,1,0,0,TRIGGER_KEPT,808.76,126.01,1-0-4-5-9
17,1,9,1,1,4,TRIGGER_KEPT,808.76,304.77,1-0-4-5-9
17,1,9,1,2,5,REROUTE,1112.86,524.05,5-9
17,1,9,1,3,9,OK,1112.86,1163.79,5-9
18,1,9,2,0,1,REROUTE,192.69,192.69,1-5-6-9
18,1,9,2,1,1,REROUTE,367.00,367.00,1-2-6-9
18,1,9,2,2,1,REROUTE,627.78,627.78,1-5-6-9
18,1,9,2,3,1,REROUTE,822.07,822.07,1-2-6-9
18,1,9,2,4,1,REROUTE,1129.43,1129.43,1-5-6-9
18,1,9,2,5,1,REROUTE,1334.70,1334.70,1-2-6-9
18,1,9,2,6,1,REROUTE,1693.09,1693.09,1-5-6-9
18,1,9,2,7,1,REROUTE,1903.99,1903.99,1-2-6-9
18,1,9,2,8,1,REROUTE,2304.96,2304.96,1-5-6-9
18,1,9,2,9,1,REROUTE,2526.99,2526.99,1-2-6-9
18,1,9,2,10,1,REROUTE,2961.34,2961.34,1-5-6-9
18,1,9,2,11,1,REROUTE,3192.18,3192.18,1-2-6-9
18,1,9,2,12,1,REROUTE,3657.25,3657.25,1-5-6-9
18,1,9,2,13,1,REROUTE,3909.96,3909.96,1-2-6-9
18,1,9,2,14,1,REROUTE,4382.21,4382.21,1-5-6-9
18,1,9,2,15,1,REROUTE,4673.79,4673.79,1-2-6-9
18,1,9,2,16,1,REROUTE,5157.81,5157.81,1-5-6-9
18,1,9,2,17,1,REROUTE,5481.63,5481.63,1-2-6-9
18,1,9,2,18,1,REROUTE,5987.00,5987.00,1-5-6-9
18,1,9,2,19,1,REROUTE,6354.32,6354.32,1-2-6-9
19,1,9,3,0,1,REROUTE,481.07,158.10,1-5-6-9
19,1,9,3,1,5,REROUTE,648.27,311.70,5-6-9
19,1,9,3,2,1,REROUTE,485.22,485.22,1-5-8-9
19,1,9,3,3,5,REROUTE,1015.49,634.34,5-6-9
19,1,9,3,4,1,REROUTE,821.21,821.21,1-5-8-9
19,1,9,3,5,5,REROUTE,1461.36,1039.03,5-6-9
19,1,9,3,6,1,REROUTE,1241.91,1241.91,1-5-8-9
19,1,9,3,7,5,REROUTE,1967.75,1506.81,5-8-9
19,1,9,3,8,1,REROUTE,1782.98,1782.98,1-5-6-9
19,1,9,3,9,5,REROUTE,2574.08,2075.79,5-8-9
19,1,9,3,10,1,REROUTE,2370.63,2370.63,1-5-6-9
19,1,9,3,11,5,REROUTE,3204.79,2663.89,5-8-9
19,1,9,3,12,1,REROUTE,2974.71,2974.71,1-5-6-9
19,1,9,3,13,5,REROUTE,3864.15,3254.39,5-8-9
19,1,9,3,14,1,REROUTE,3589.59,3589.59,1-5-6-9
19,1,9,3,15,5,REROUTE,4565.60,3878.01,5-8-9
19,1,9,3,16,1,REROUTE,4252.05,4252.05,1-5-6-9
19,1,9,3,17,5,TRIGGER_KEPT,4252.05,4564.31,1-5-6-9
19,1,9,3,18,1,REROUTE,4908.79,4908.79,1-5-8-9
19,1,9,3,19,5,REROUTE,5964.55,5234.42,5-6-9
20,2,8,0,0,1,OK,1046.09,118.11,2-1-0-4-5-9-8
20,2,8,0,1,0,REROUTE,1243.60,237.47,0-4-5-9-8
20,2,8,0,2,4,REROUTE,1352.98,421.26,4-5-9-8
20,2,8,0,3,5,REROUTE,1481.48,754.62,5-9-8
20,2,8,0,4,9,REROUTE,1536.81,1382.57,9-8
20,2,8,0,5,8,OK,1536.81,1541.03,9-8
21,2,8,1,0,1,REROUTE,1168.34,121.93,1-0-4-5-9-8
21,2,8,1,1,0,OK,1168.34,239.55,1-0-4-5-9-8
21,2,8,1,2,4,TRIGGER_KEPT,1168.34,426.86,1-0-4-5-9-8
21,2,8,1,3,5,TRIGGER_KEPT,1168.34,673.25,1-0-4-5-9-8
21,2,8,1,4,9,TRIGGER_KEPT,1168.34,1281.76,1-0-4-5-9-8
21,2,8,1,5,8,OK,1168.34,1410.69,1-0-4-5-9-8
22,2,8,2,0,2,REROUTE,181.13,181.13,2-1-0-4-8
22,2,8,2,1,1,OK,181.13,302.28,2-1-0-4-8
22,2,8,2,2,2,REROUTE,403.67,403.67,2-6-9-8
22,2,8,2,3,2,REROUTE,610.17,610.17,2-1-0-4-8
22,2,8,2,4,1,OK,610.17,737.52,2-1-0-4-8
22,2,8,2,5,0,OK,610.17,837.52,2-1-0-4-8
22,2,8,2,6,2,REROUTE,1029.10,1029.10,2-6-9-8
22,2,8,2,7,2,REROUTE,1338.83,1338.83,2-1-0-4-8
22,2,8,2,8,1,OK,1338.83,1472.10,2-1-0-4-8
22,2,8,2,9,0,OK,1338.83,1583.91,2-1-0-4-8
22,2,8,2,10,2,REROUTE,1757.76,1757.76,2-6-9-8
22,2,8,2,11,2,REROUTE,2107.00,2107.00,2-1-0-4-8
22,2,8,2,12,1,OK,2107.00,2242.97,2-1-0-4-8
22,2,8,2,13,2,REROUTE,2410.17,2410.17,2-6-9-8
22,2,8,2,14,2,REROUTE,2762.60,2762.60,2-1-0-4-8
22,2,8,2,15,1,OK,2762.60,2899.69,2-1-0-4-8
22,2,8,2,16,2,REROUTE,3092.02,3092.02,2-6-9-8
22,2,8,2,17,2,REROUTE,3449.74,3449.74,2-1-0-4-8
22,2,8,2,18,1,OK,3449.74,3587.83,2-1-0-4-8
22,2,8,2,19,2,REROUTE,3813.12,3813.12,2-6-9-8
23,2,8,3,0,2,REROUTE,178.62,178.62,2-1-5-8
23,2,8,3,1,2,REROUTE,302.93,302.93,2-6-9-8
23,2,8,3,2,2,REROUTE,484.47,484.47,2-1-5-8
23,2,8,3,3,1,OK,484.47,616.88,2-1-5-8
23,2,8,3,4,2,REROUTE,740.85,740.85,2-6-9-8
23,2,8,3,5,2,REROUTE,910.42,910.42,2-1-5-8
23,2,8,3,6,1,OK,910.42,1047.78,2-1-5-8
23,2,8,3,7,5,OK,910.42,1147.78,2-1-5-8
23,2,8,3,8,8,OK,910.42,1380.93,2-1-5-8
24,2,9,0,0,1,TRIGGER_KEPT,923.76,120.88,2-1-0-4-5-9
24,2,9,0,1,0,OK,923.76,232.64,2-1-0-4-5-9
24,2,9,0,2,4,TRIGGER_KEPT,923.76,414.15,2-1-0-4-5-9
24,2,9,0,3,5,TRIGGER_KEPT,923.76,784.06,2-1-0-4-5-9
24,2,9,0,4,9,OK,923.76,1272.48,2-1-0-4-5-9
25,2,9,1,0,1,REROUTE,1052.05,121.01,1-0-4-5-9
25,2,9,1,1,0,TRIGGER_KEPT,1052.05,256.06,1-0-4-5-9
25,2,9,1,2,4,TRIGGER_KEPT,1052.05,439.73,1-0-4-5-9
25,2,9,1,3,5,REROUTE,1451.76,794.31,5-9
25,2,9,1,4,9,OK,1451.76,1505.22,5-9
26,2,9,2,0,2,REROUTE,121.02,121.02,2-6-9
26,2,9,2,1,2,REROUTE,287.88,287.88,2-1-0-4-8-9
26,2,9,2,2,1,OK,287.88,417.40,2-1-0-4-8-9
26,2,9,2,3,2,REROUTE,598.31,598.31,2-6-9
26,2,9,2,4,6,OK,598.31,744.91,2-6-9
26,2,9,2,5,9,OK,598.31,967.99,2-6-9
27,2,9,3,0,2,REROUTE,177.46,177.46,2-1-5-8-9
27,2,9,3,1,1,OK,177.46,303.11,2-1-5-8-9
27,2,9,3,2,2,REROUTE,471.36,471.36,2-6-9
27,2,9,3,3,2,REROUTE,663.20,663.20,2-1-5-8-9
27,2,9,3,4,1,OK,663.20,803.28,2-1-5-8-9
27,2,9,3,5,2,REROUTE,980.02,980.02,2-6-9
27,2,9,3,6,2,REROUTE,1195.71,1195.71,2-1-5-8-9
27,2,9,3,7,1,OK,1195.71,1345.14,2-1-5-8-9
27,2,9,3,8,2,REROUTE,1517.39,1517.39,2-6-9
27,2,9,3,9,2,REROUTE,1771.81,1771.81,2-1-5-8-9
27,2,9,3,10,2,REROUTE,1927.55,1927.55,2-6-9
27,2,9,3,11,2,REROUTE,2216.17,2216.17,2-1-5-8-9
27,2,9,3,12,2,REROUTE,2376.32,2376.32,2-6-9
27,2,9,3,13,2,REROUTE,2715.69,2715.69,2-1-5-8-9
27,2,9,3,14,2,REROUTE,2879.18,2879.18,2-6-9
27,2,9,3,15,2,REROUTE,3270.27,3270.27,2-1-5-8-9
27,2,9,3,16,2,REROUTE,3436.75,3436.75,2-6-9
27,2,9,3,17,2,REROUTE,3850.23,3850.23,2-1-5-8-9
27,2,9,3,18,2,REROUTE,4021.50,4021.50,2-6-9
27,2,9,3,19,2,REROUTE,4454.84,4454.84,2-1-5-8-9
28,3,9,0,0,2,OK,1030.76,108.92,3-2-1-0-4-5-9
28,3,9,0,1,1,TRIGGER_KEPT,1030.76,235.43,3-2-1-0-4-5-9
28,3,9,0,2,0,REROUTE,1424.99,410.24,0-4-5-9
28,3,9,0,3,4,TRIGGER_KEPT,1424.99,646.00,0-4-5-9
28,3,9,0,4,5,TRIGGER_KEPT,1424.99,996.85,0-4-5-9
28,3,9,0,5,9,OK,1424.99,1582.79,0-4-5-9
29,3,9,1,0,2,OK,1030.76,108.76,3-2-1-0-4-5-9
29,3,9,1,1,1,REROUTE,1303.47,233.11,1-0-4-5-9
29,3,9,1,2,0,REROUTE,1466.56,363.28,0-4-5-9
29,3,9,1,3,4,TRIGGER_KEPT,1466.56,554.06,0-4-5-9
29,3,9,1,4,5,REROUTE,1673.44,919.95,5-9
29,3,9,1,5,9,OK,1673.44,1733.94,5-9
30,3,9,2,0,3,REROUTE,220.61,220.61,3-2-6-9
30,3,9,2,1,2,OK,220.61,329.41,3-2-6-9
30,3,9,2,2,3,REROUTE,517.54,517.54,3-2-1-5-9
30,3,9,2,3,2,OK,517.54,629.47,3-2-1-5-9
30,3,9,2,4,1,OK,517.54,759.63,3-2-1-5-9
30,3,9,2,5,3,REROUTE,884.74,884.74,3-2-6-9
30,3,9,2,6,2,OK,884.74,1002.33,3-2-6-9
30,3,9,2,7,3,REROUTE,1172.34,1172.34,3-2-1-5-9
30,3,9,2,8,2,OK,1172.34,1291.98,3-2-1-5-9
30,3,9,2,9,1,OK,1172.34,1441.73,3-2-1-5-9
30,3,9,2,10,5,OK,1172.34,1541.73,3-2-1-5-9
30,3,9,2,11,9,OK,1172.34,2685.94,3-2-1-5-9
31,3,9,3,0,2,OK,439.50,108.09,3-2-6-9
31,3,9,3,1,3,REROUTE,292.22,292.22,3-2-1-5-8-9
31,3,9,3,2,2,OK,292.22,402.48,3-2-1-5-8-9
31,3,9,3,3,1,OK,292.22,528.96,3-2-1-5-8-9
31,3,9,3,4,5,OK,292.22,628.96,3-2-1-5-8-9
31,3,9,3,5,3,REROUTE,883.11,883.11,3-2-6-9
31,3,9,3,6,2,OK,883.11,996.46,3-2-6-9
31,3,9,3,7,3,REROUTE,1187.31,1187.31,3-2-1-5-8-9
31,3,9,3,8,2,OK,1187.31,1302.19,3-2-1-5-8-9
31,3,9,3,9,1,OK,1187.31,1433.64,3-2-1-5-8-9
31,3,9,3,10,5,OK,1187.31,1533.64,3-2-1-5-8-9
31,3,9,3,11,3,REROUTE,1921.10,1921.10,3-2-6-9
31,3,9,3,12,2,OK,1921.10,2040.07,3-2-6-9
31,3,9,3,13,3,REROUTE,2245.92,2245.92,3-2-1-5-8-9
31,3,9,3,14,2,OK,2245.92,2368.76,3-2-1-5-8-9
31,3,9,3,15,1,OK,2245.92,2502.75,3-2-1-5-8-9
31,3,9,3,16,5,OK,2245.92,2602.75,3-2-1-5-8-9
31,3,9,3,17,3,REROUTE,3087.68,3087.68,3-2-6-9
31,3,9,3,18,2,OK,3087.68,3213.97,3-2-6-9
31,3,9,3,19,3,REROUTE,3438.29,3438.29,3-2-1-5-8-9
32,4,7,0,0,5,TRIGGER_KEPT,501.83,208.07,4-5-6-7
32,4,7,0,1,6,REROUTE,562.70,379.81,6-7
32,4,7,0,2,7,OK,562.70,574.47,6-7
33,4,7,1,0,5,REROUTE,556.28,220.36,5-6-7
33,4,7,1,1,6,REROUTE,572.40,387.27,6-7
33,4,7,1,2,7,OK,572.40,585.76,6-7
34,4,7,2,0,4,REROUTE,176.17,176.17,4-5-6-7
34,4,7,2,1,4,REROUTE,441.17,441.17,4-8-9-6-7
34,4,7,2,2,4,REROUTE,650.02,650.02,4-5-6-7
34,4,7,2,3,4,REROUTE,958.14,958.14,4-8-9-6-7
34,4,7,2,4,4,REROUTE,1192.17,1192.17,4-5-6-7
34,4,7,2,5,4,REROUTE,1576.84,1576.84,4-8-9-6-7
34,4,7,2,6,4,REROUTE,1854.35,1854.35,4-5-6-7
34,4,7,2,7,4,REROUTE,2321.57,2321.57,4-8-9-6-7
34,4,7,2,8,4,REROUTE,2643.72,2643.72,4-5-6-7
34,4,7,2,9,4,REROUTE,3181.03,3181.03,4-8-9-6-7
34,4,7,2,10,4,REROUTE,3554.28,3554.28,4-5-6-7
34,4,7,2,11,4,REROUTE,4204.51,4204.51,4-8-9-6-7
34,4,7,2,12,4,REROUTE,4611.09,4611.09,4-5-6-7
34,4,7,2,13,4,REROUTE,5365.91,5365.91,4-8-9-6-7
34,4,7,2,14,4,REROUTE,5781.61,5781.61,4-5-6-7
34,4,7,2,15,4,REROUTE,6582.47,6582.47,4-8-9-6-7
34,4,7,2,16,4,REROUTE,6996.75,6996.75,4-5-6-7
34,4,7,2,17,4,REROUTE,7842.48,7842.48,4-8-9-6-7
34,4,7,2,18,4,REROUTE,8252.10,8252.10,4-5-6-7
34,4,7,2,19,4,REROUTE,9132.27,9132.27,4-8-9-6-7
35,4,7,3,0,4,REROUTE,214.00,214.00,4-8-9-6-7
35,4,7,3,1,4,REROUTE,386.15,386.15,4-5-6-7
35,4,7,3,2,4,REROUTE,687.48,687.48,4-8-9-6-7
35,4,7,3,3,4,REROUTE,883.46,883.46,4-5-6-7
35,4,7,3,4,4,REROUTE,1293.63,1293.63,4-8-9-6-7
35,4,7,3,5,4,REROUTE,1496.28,1496.28,4-5-6-7
35,4,7,3,6,4,REROUTE,2066.45,2066.45,4-8-9-6-7
35,4,7,3,7,4,REROUTE,2266.16,2266.16,4-5-6-7
35,4,7,3,8,4,REROUTE,3090.30,3090.30,4-8-9-6-7
35,4,7,3,9,4,REROUTE,3283.89,3283.89,4-5-6-7
35,4,7,3,10,4,REROUTE,4349.97,4349.97,4-8-9-6-7
35,4,7,3,11,4,REROUTE,4539.31,4539.31,4-5-6-7
35,4,7,3,12,4,REROUTE,5969.08,5969.08,4-8-9-6-7
35,4,7,3,13,4,REROUTE,6149.56,6149.56,4-5-6-7
35,4,7,3,14,4,REROUTE,8003.95,8003.95,4-8-9-6-7
35,4,7,3,15,4,REROUTE,8177.01,8177.01,4-5-6-7
35,4,7,3,16,4,REROUTE,10816.86,10816.86,4-8-9-6-7
35,4,7,3,17,4,REROUTE,10982.72,10982.72,4-5-6-7
35,4,7,3,18,4,REROUTE,14207.21,14207.21,4-8-9-6-7
35,4,7,3,19,4,REROUTE,14361.86,14361.86,4-5-6-7
36,4,9,0,0,5,REROUTE,603.40,202.00,5-9
36,4,9,0,1,9,OK,603.40,624.63,5-9
37,4,9,1,0,5,TRIGGER_KEPT,542.76,196.90,4-5-9
37,4,9,1,1,9,OK,542.76,653.83,4-5-9
38,4,9,2,0,8,REROUTE,325.32,178.10,8-9
38,4,9,2,1,9,OK,325.32,347.59,8-9
39,4,9,3,0,8,TRIGGER_KEPT,300.30,163.31,4-8-9
39,4,9,3,1,9,OK,300.30,315.27,4-8-9
40,5,9,0,0,9,OK,357.76,414.86,5-9
41,5,9,1,0,9,OK,357.76,395.52,5-9
42,5,9,2,0,6,TRIGGER_KEPT,310.50,160.94,5-6-9
42,5,9,2,1,9,OK,310.50,318.11,5-6-9
43,5,9,3,0,8,TRIGGER_KEPT,295.17,176.50,5-8-9
43,5,9,3,1,9,OK,295.17,325.36,5-8-9
44,6,9,0,0,5,TRIGGER_KEPT,491.76,141.96,6-5-9
44,6,9,0,1,9,OK,491.76,595.62,6-5-9
45,6,9,1,0,5,REROUTE,528.65,139.34,5-9
45,6,9,1,1,9,OK,528.65,572.98,5-9
46,6,9,2,0,9,OK,158.00,164.81,6-9
47,6,9,3,0,9,OK,158.00,167.77,6-9
48,7,0,0,0,6,REROUTE,596.88,135.03,6-5-4-0
48,7,0,0,1,5,REROUTE,630.45,282.36,5-4-0
48,7,0,0,2,4,REROUTE,665.10,469.63,4-0
48,7,0,0,3,0,OK,665.10,681.88,4-0
49,7,0,1,0,6,OK,565.00,133.66,7-6-5-4-0
49,7,0,1,1,5,TRIGGER_KEPT,565.00,284.93,7-6-5-4-0
49,7,0,1,2,4,TRIGGER_KEPT,565.00,440.95,7-6-5-4-0
49,7,0,1,3,0,OK,565.00,648.08,7-6-5-4-0
50,7,0,2,0,3,REROUTE,476.02,114.58,3-2-1-0
50,7,0,2,1,2,OK,476.02,222.94,3-2-1-0
50,7,0,2,2,1,OK,476.02,352.02,3-2-1-0
50,7,0,2,3,0,OK,476.02,512.66,3-2-1-0
51,7,0,3,0,3,REROUTE,453.80,113.12,3-2-1-0
51,7,0,3,1,2,OK,453.80,223.51,3-2-1-0
51,7,0,3,2,1,OK,453.80,348.83,3-2-1-0
51,7,0,3,3,0,OK,453.80,448.83,3-2-1-0
52,7,9,0,0,6,TRIGGER_KEPT,620.76,135.53,7-6-5-9
52,7,9,0,1,5,TRIGGER_KEPT,620.76,285.37,7-6-5-9
52,7,9,0,2,9,OK,620.76,771.83,7-6-5-9
53,7,9,1,0,6,TRIGGER_KEPT,620.76,134.08,7-6-5-9
53,7,9,1,1,5,OK,620.76,279.56,7-6-5-9
53,7,9,1,2,9,OK,620.76,725.03,7-6-5-9
54,7,9,2,0,6,OK,287.00,133.49,7-6-9
54,7,9,2,1,9,OK,287.00,332.06,7-6-9
55,7,9,3,0,6,TRIGGER_KEPT,287.00,139.17,7-6-9
55,7,9,3,1,9,OK,287.00,290.98,7-6-9
56,8,1,0,0,9,TRIGGER_KEPT,795.83,137.95,8-9-5-4-0-1
56,8,1,0,1,5,TRIGGER_KEPT,795.83,343.81,8-9-5-4-0-1
56,8,1,0,2,4,REROUTE,902.24,493.97,4-0-1
56,8,1,0,3,0,TRIGGER_KEPT,902.24,689.46,4-0-1
56,8,1,0,4,1,OK,902.24,931.30,4-0-1
57,8,1,1,0,9,OK,795.83,137.19,8-9-5-4-0-1
57,8,1,1,1,5,TRIGGER_KEPT,795.83,345.69,8-9-5-4-0-1
57,8,1,1,2,4,REROUTE,1091.92,529.78,4-0-1
57,8,1,1,3,0,TRIGGER_KEPT,1091.92,731.85,4-0-1
57,8,1,1,4,1,OK,1091.92,1310.63,4-0-1
58,8,1,2,0,9,OK,451.33,136.83,8-9-5-1
58,8,1,2,1,8,REROUTE,335.72,335.72,8-4-0-1
58,8,1,2,2,8,REROUTE,530.71,530.71,8-9-5-1
58,8,1,2,3,8,REROUTE,679.49,679.49,8-4-5-1
58,8,1,2,4,8,REROUTE,895.54,895.54,8-9-5-1
58,8,1,2,5,8,REROUTE,1049.95,1049.95,8-4-5-1
58,8,1,2,6,8,REROUTE,1279.76,1279.76,8-9-5-1
58,8,1,2,7,8,REROUTE,1444.50,1444.50,8-4-5-1
58,8,1,2,8,8,REROUTE,1693.83,1693.83,8-9-5-1
58,8,1,2,9,8,REROUTE,1868.07,1868.07,8-4-5-1
58,8,1,2,10,8,REROUTE,2130.28,2130.28,8-9-5-1
58,8,1,2,11,8,REROUTE,2309.83,2309.83,8-4-5-1
58,8,1,2,12,8,REROUTE,2581.84,2581.84,8-9-5-1
58,8,1,2,13,8,REROUTE,2764.80,2764.80,8-4-5-1
58,8,1,2,14,8,REROUTE,3053.37,3053.37,8-9-5-1
58,8,1,2,15,8,REROUTE,3239.23,3239.23,8-4-5-1
58,8,1,2,16,8,REROUTE,3546.29,3546.29,8-9-5-1
58,8,1,2,17,8,REROUTE,3737.13,3737.13,8-4-5-1
58,8,1,2,18,8,REROUTE,4066.01,4066.01,8-9-5-1
58,8,1,2,19,8,REROUTE,4263.47,4263.47,8-4-5-1
59,8,1,3,0,5,OK,244.00,121.09,8-5-1
59,8,1,3,1,1,OK,244.00,252.29,8-5-1
60,9,0,0,0,5,REROUTE,514.60,193.48,5-4-0
60,9,0,0,1,4,OK,514.60,334.35,5-4-0
60,9,0,0,2,0,OK,514.60,544.78,5-4-0
61,9,0,1,0,5,TRIGGER_KEPT,494.16,198.57,9-5-4-0
61,9,0,1,1,4,TRIGGER_KEPT,494.16,369.04,9-5-4-0
61,9,0,1,2,0,OK,494.16,559.13,9-5-4-0
62,9,0,2,0,9,REROUTE,196.64,196.64,9-8-4-0
62,9,0,2,1,8,OK,196.64,318.83,9-8-4-0
62,9,0,2,2,9,REROUTE,492.29,492.29,9-5-1-0
62,9,0,2,3,9,REROUTE,705.20,705.20,9-8-4-0
62,9,0,2,4,9,REROUTE,814.78,814.78,9-5-1-0
62,9,0,2,5,9,REROUTE,1051.30,1051.30,9-8-4-0
62,9,0,2,6,8,OK,1051.30,1151.30,9-8-4-0
62,9,0,2,7,9,REROUTE,1316.48,1316.48,9-5-1-0
62,9,0,2,8,9,REROUTE,1600.83,1600.83,9-8-4-0
62,9,0,2,9,8,OK,1600.83,1700.83,9-8-4-0
62,9,0,2,10,9,REROUTE,1860.14,1860.14,9-5-1-0
62,9,0,2,11,9,REROUTE,2168.84,2168.84,9-8-4-0
62,9,0,2,12,8,OK,2168.84,2268.84,9-8-4-0
62,9,0,2,13,9,REROUTE,2414.39,2414.39,9-5-1-0
62,9,0,2,14,9,REROUTE,2744.49,2744.49,9-8-4-0
62,9,0,2,15,8,OK,2744.49,2844.49,9-8-4-0
62,9,0,2,16,4,OK,2744.49,2985.91,9-8-4-0
62,9,0,2,17,0,OK,2744.49,3235.57,9-8-4-0
63,9,0,3,0,9,REROUTE,198.37,198.37,9-8-4-0
63,9,0,3,1,9,REROUTE,338.93,338.93,9-5-1-0
63,9,0,3,2,9,REROUTE,546.47,546.47,9-8-4-0
63,9,0,3,3,9,REROUTE,710.43,710.43,9-5-1-0
63,9,0,3,4,9,REROUTE,925.98,925.98,9-8-4-0
63,9,0,3,5,9,REROUTE,1111.08,1111.08,9-5-1-0
63,9,0,3,6,9,REROUTE,1334.51,1334.51,9-8-4-0
63,9,0,3,7,9,REROUTE,1552.24,1552.24,9-5-1-0
63,9,0,3,8,9,REROUTE,1780.98,1780.98,9-8-4-0
63,9,0,3,9,9,REROUTE,2032.67,2032.67,9-5-1-0
63,9,0,3,10,9,REROUTE,2262.89,2262.89,9-8-4-0
63,9,0,3,11,9,REROUTE,2566.38,2566.38,9-5-1-0
63,9,0,3,12,9,REROUTE,2799.11,2799.11,9-8-4-0
63,9,0,3,13,9,REROUTE,3137.25,3137.25,9-5-1-0
63,9,0,3,14,9,REROUTE,3365.55,3365.55,9-8-4-0
63,9,0,3,15,9,REROUTE,3748.47,3748.47,9-5-1-0
63,9,0,3,16,9,REROUTE,3966.26,3966.26,9-8-4-0
63,9,0,3,17,9,REROUTE,4401.54,4401.54,9-5-1-0
63,9,0,3,18,9,REROUTE,4621.86,4621.86,9-8-4-0
63,9,0,3,19,9,REROUTE,5123.42,5123.42,9-5-1-0
64,9,3,0,0,5,REROUTE,1038.89,196.83,5-4-0-1-2-3
64,9,3,0,1,4,TRIGGER_KEPT,1038.89,348.76,5-4-0-1-2-3
64,9,3,0,2,0,TRIGGER_KEPT,1038.89,548.84,5-4-0-1-2-3
64,9,3,0,3,1,REROUTE,1238.52,804.47,1-2-3
64,9,3,0,4,2,TRIGGER_KEPT,1238.52,1068.47,1-2-3
64,9,3,0,5,3,OK,1238.52,1269.20,1-2-3
65,9,3,1,0,5,TRIGGER_KEPT,956.16,195.84,9-5-4-0-1-2-3
65,9,3,1,1,4,OK,956.16,338.96,9-5-4-0-1-2-3
65,9,3,1,2,0,REROUTE,1260.37,541.92,0-1-2-3
65,9,3,1,3,1,TRIGGER_KEPT,1260.37,913.45,0-1-2-3
65,9,3,1,4,2,REROUTE,1335.12,1190.76,2-3
65,9,3,1,5,3,OK,1335.12,1337.07,2-3
66,9,3,2,0,6,REROUTE,399.02,133.27,6-2-3
66,9,3,2,1,9,REROUTE,253.97,253.97,9-6-7-3
66,9,3,2,2,6,REROUTE,682.55,399.68,6-2-3
66,9,3,2,3,9,REROUTE,507.37,507.37,9-6-7-3
66,9,3,2,4,6,REROUTE,964.16,676.50,6-2-3
66,9,3,2,5,2,OK,964.16,776.50,6-2-3
66,9,3,2,6,3,OK,964.16,972.00,6-2-3
67,9,3,3,0,6,REROUTE,408.60,139.18,6-2-3
67,9,3,3,1,2,OK,408.60,265.89,6-2-3
67,9,3,3,2,3,OK,408.60,456.45,6-2-3
0,0,9,0,0,4,TRIGGER_KEPT,679.29,206.38,0-4-5-9
0,0,9,0,1,5,REROUTE,815.60,422.70,5-9
0,0,9,0,2,9,OK,815.60,832.67,5-9
1,0,9,1,0,4,TRIGGER_KEPT,679.29,196.96,0-4-5-9
1,0,9,1,1,5,TRIGGER_KEPT,679.29,413.21,0-4-5-9
1,0,9,1,2,9,OK,679.29,801.12,0-4-5-9
2,0,9,2,0,4,TRIGGER_KEPT,471.81,212.21,0-4-8-9
2,0,9,2,1,8,TRIGGER_KEPT,471.81,378.37,0-4-8-9
2,0,9,2,2,9,OK,471.81,523.46,0-4-8-9
3,0,9,3,0,0,REROUTE,205.65,205.65,0-1-2-6-9
3,0,9,3,1,0,REROUTE,362.66,362.66,0-4-8-9
3,0,9,3,2,0,REROUTE,635.22,635.22,0-1-2-6-9
3,0,9,3,3,0,REROUTE,795.91,795.91,0-4-8-9
3,0,9,3,4,0,REROUTE,1159.47,1159.47,0-1-2-6-9
3,0,9,3,5,0,REROUTE,1298.72,1298.72,0-4-8-9
3,0,9,3,6,0,REROUTE,1704.93,1704.93,0-1-2-6-9
3,0,9,3,7,0,REROUTE,1822.15,1822.15,0-4-8-9
3,0,9,3,8,0,REROUTE,2291.63,2291.63,0-1-2-6-9
3,0,9,3,9,1,OK,2291.63,2397.71,0-1-2-6-9
3,0,9,3,10,0,REROUTE,2595.96,2595.96,0-4-8-9
3,0,9,3,11,0,REROUTE,3132.21,3132.21,0-1-2-6-9
3,0,9,3,12,1,OK,3132.21,3232.21,0-1-2-6-9
3,0,9,3,13,0,REROUTE,3465.47,3465.47,0-4-8-9
3,0,9,3,14,0,REROUTE,4108.18,4108.18,0-1-2-6-9
3,0,9,3,15,0,REROUTE,4226.26,4226.26,0-4-8-9
3,0,9,3,16,0,REROUTE,4893.07,4893.07,0-1-2-6-9
3,0,9,3,17,0,REROUTE,4993.07,4993.07,0-4-8-9
3,0,9,3,18,0,REROUTE,5669.10,5669.10,0-1-2-6-9
3,0,9,3,19,1,OK,5669.10,5769.10,0-1-2-6-9
4,0,7,0,0,4,TRIGGER_KEPT,666.33,196.51,0-4-5-6-7
4,0,7,0,1,5,TRIGGER_KEPT,666.33,363.38,0-4-5-6-7
4,0,7,0,2,6,REROUTE,777.35,576.15,6-7
4,0,7,0,3,7,OK,777.35,787.00,6-7
5,0,7,1,0,4,TRIGGER_KEPT,666.33,198.47,0-4-5-6-7
5,0,7,1,1,5,REROUTE,789.66,403.74,5-6-7
5,0,7,1,2,6,TRIGGER_KEPT,789.66,583.86,5-6-7
5,0,7,1,3,7,OK,789.66,831.52,5-6-7
6,0,7,2,0,1,REROUTE,652.28,176.92,1-2-3-7
6,0,7,2,1,2,REROUTE,682.71,324.89,2-6-7
6,0,7,2,2,0,REROUTE,492.24,492.24,0-1-2-3-7
6,0,7,2,3,1,REROUTE,1315.21,753.43,1-2-3-7
6,0,7,2,4,2,TRIGGER_KEPT,1315.21,973.86,1-2-3-7
6,0,7,2,5,3,OK,1315.21,1073.86,1-2-3-7
6,0,7,2,6,7,OK,1315.21,1383.71,1-2-3-7
7,0,7,3,0,1,REROUTE,638.76,175.25,1-2-6-7
7,0,7,3,1,2,OK,638.76,318.03,1-2-6-7
7,0,7,3,2,6,OK,638.76,461.18,1-2-6-7
7,0,7,3,3,7,OK,638.76,676.91,1-2-6-7
8,0,3,0,0,1,REROUTE,450.73,164.50,1-2-3
8,0,3,0,1,2,TRIGGER_KEPT,450.73,327.78,1-2-3
8,0,3,0,2,3,OK,450.73,482.45,1-2-3
9,0,3,1,0,1,REROUTE,465.86,175.75,1-2-3
9,0,3,1,1,2,TRIGGER_KEPT,465.86,328.64,1-2-3
9,0,3,1,2,3,OK,465.86,497.83,1-2-3
10,0,3,2,0,1,REROUTE,428.33,147.60,1-2-3
10,0,3,2,1,2,OK,428.33,281.70,1-2-3
10,0,3,2,2,3,OK,428.33,455.71,1-2-3
11,0,3,3,0,1,TRIGGER_KEPT,402.00,186.29,0-1-2-3
11,0,3,3,1,2,OK,402.00,328.23,0-1-2-3
11,0,3,3,2,3,OK,402.00,473.66,0-1-2-3
12,1,8,0,0,0,TRIGGER_KEPT,922.62,155.96,1-0-4-5-9-8
12,1,8,0,1,4,TRIGGER_KEPT,922.62,395.72,1-0-4-5-9-8
12,1,8,0,2,5,TRIGGER_KEPT,922.62,603.79,1-0-4-5-9-8
12,1,8,0,3,9,REROUTE,1301.78,1185.66,9-8
12,1,8,0,4,8,OK,1301.78,1303.30,9-8
13,1,8,1,0,0,REROUTE,1047.49,145.59,0-4-5-9-8
13,1,8,1,1,4,REROUTE,1166.92,399.04,4-5-9-8
13,1,8,1,2,5,TRIGGER_KEPT,1166.92,625.10,4-5-9-8
13,1,8,1,3,9,TRIGGER_KEPT,1166.92,1262.55,4-5-9-8
13,1,8,1,4,8,OK,1166.92,1383.64,4-5-9-8
14,1,8,2,0,1,REROUTE,148.23,148.23,1-0-4-8
14,1,8,2,1,1,REROUTE,302.36,302.36,1-5-4-8
14,1,8,2,2,1,REROUTE,417.16,417.16,1-2-6-9-8
14,1,8,2,3,2,OK,417.16,552.62,1-2-6-9-8
14,1,8,2,4,6,OK,417.16,687.74,1-2-6-9-8
14,1,8,2,5,1,REROUTE,888.18,888.18,1-5-4-8
14,1,8,2,6,5,OK,888.18,988.18,1-5-4-8
14,1,8,2,7,4,OK,888.18,1113.42,1-5-4-8
14,1,8,2,8,8,OK,888.18,1332.01,1-5-4-8
15,1,8,3,0,1,REROUTE,152.85,152.85,1-0-4-8
15,1,8,3,1,1,REROUTE,319.81,319.81,1-5-8
15,1,8,3,2,1,REROUTE,485.78,485.78,1-0-4-8
15,1,8,3,3,1,REROUTE,699.21,699.21,1-5-8
15,1,8,3,4,1,REROUTE,887.55,887.55,1-2-6-9-8
15,1,8,3,5,2,OK,887.55,1033.08,1-2-6-9-8
15,1,8,3,6,1,REROUTE,1141.72,1141.72,1-5-8
15,1,8,3,7,1,REROUTE,1447.03,1447.03,1-2-6-9-8
15,1,8,3,8,1,REROUTE,1604.64,1604.64,1-5-4-8
15,1,8,3,9,1,REROUTE,1948.18,1948.18,1-2-6-9-8
15,1,8,3,10,1,REROUTE,2111.21,2111.21,1-5-4-8
15,1,8,3,11,1,REROUTE,2485.20,2485.20,1-2-6-9-8
15,1,8,3,12,1,REROUTE,2655.30,2655.30,1-5-4-8
15,1,8,3,13,1,REROUTE,3039.81,3039.81,1-2-6-9-8
15,1,8,3,14,1,REROUTE,3205.04,3205.04,1-5-4-8
15,1,8,3,15,1,REROUTE,3593.20,3593.20,1-2-6-9-8
15,1,8,3,16,1,REROUTE,3759.22,3759.22,1-5-4-8
15,1,8,3,17,1,REROUTE,4142.86,4142.86,1-2-6-9-8
15,1,8,3,18,1,REROUTE,4314.93,4314.93,1-5-4-8
15,1,8,3,19,1,REROUTE,4697.36,4697.36,1-2-6-9-8
16,1,9,0,0,0,TRIGGER_KEPT,808.29,141.01,1-0-4-5-9
16,1,9,0,1,4,TRIGGER_KEPT,808.29,359.68,1-0-4-5-9
16,1,9,0,2,5,REROUTE,1121.10,640.37,5-9
16,1,9,0,3,9,OK,1121.10,1148.23,5-9
17,1,9,1,0,0,TRIGGER_KEPT,808.29,148.97,1-0-4-5-9
17,1,9,1,1,4,REROUTE,998.17,377.82,4-5-9
17,1,9,1,2,5,REROUTE,1025.33,621.21,5-9
17,1,9,1,3,9,OK,1025.33,1040.28,5-9
18,1,9,2,0,1,REROUTE,150.36,150.36,1-5-9
18,1,9,2,1,1,REROUTE,336.94,336.94,1-2-6-9
18,1,9,2,2,1,REROUTE,545.37,545.37,1-5-4-8-9
18,1,9,2,3,1,REROUTE,737.06,737.06,1-2-6-9
18,1,9,2,4,1,REROUTE,1029.42,1029.42,1-5-4-8-9
18,1,9,2,5,1,REROUTE,1235.03,1235.03,1-2-6-9
18,1,9,2,6,1,REROUTE,1644.54,1644.54,1-5-4-8-9
18,1,9,2,7,1,REROUTE,1850.11,1850.11,1-0-4-8-9
18,1,9,2,8,1,REROUTE,2189.82,2189.82,1-5-4-8-9
18,1,9,2,9,1,REROUTE,2360.10,2360.10,1-0-4-8-9
18,1,9,2,10,1,REROUTE,2749.60,2749.60,1-5-4-8-9
18,1,9,2,11,1,REROUTE,2894.68,2894.68,1-0-4-8-9
18,1,9,2,12,1,REROUTE,3333.01,3333.01,1-5-4-8-9
18,1,9,2,13,1,REROUTE,3451.68,3451.68,1-0-4-8-9
18,1,9,2,14,1,REROUTE,3925.91,3925.91,1-5-4-8-9
18,1,9,2,15,1,REROUTE,4025.91,4025.91,1-0-4-8-9
18,1,9,2,16,1,REROUTE,4536.26,4536.26,1-5-4-8-9
18,1,9,2,17,5,OK,4536.26,4636.26,1-5-4-8-9
18,1,9,2,18,4,OK,4536.26,4737.88,1-5-4-8-9
18,1,9,2,19,1,REROUTE,4926.12,4926.12,1-2-6-9
19,1,9,3,0,2,OK,421.50,136.96,1-2-6-9
19,1,9,3,1,6,OK,421.50,279.04,1-2-6-9
19,1,9,3,2,9,OK,421.50,433.39,1-2-6-9
20,2,8,0,0,1,REROUTE,1211.93,163.84,1-0-4-5-9-8
20,2,8,0,1,0,REROUTE,1361.15,358.32,0-4-5-9-8
20,2,8,0,2,4,REROUTE,1445.36,607.89,4-5-9-8
20,2,8,0,3,5,TRIGGER_KEPT,1445.36,779.72,4-5-9-8
20,2,8,0,4,9,REROUTE,1544.72,1387.44,9-8
20,2,8,0,5,8,OK,1544.72,1550.17,9-8
21,2,8,1,0,1,REROUTE,1197.81,152.33,1-0-4-5-9-8
21,2,8,1,1,0,REROUTE,1336.32,335.64,0-4-5-9-8
21,2,8,1,2,4,REROUTE,1433.87,611.80,4-5-9-8
21,2,8,1,3,5,REROUTE,1500.83,908.31,5-9-8
21,2,8,1,4,9,REROUTE,1516.82,1404.05,9-8
21,2,8,1,5,8,OK,1516.82,1521.68,9-8
22,2,8,2,0,6,OK,401.83,148.97,2-6-9-8
22,2,8,2,1,9,OK,401.83,287.19,2-6-9-8
22,2,8,2,2,8,OK,401.83,387.19,2-6-9-8
23,2,8,3,0,2,REROUTE,141.51,141.51,2-1-5-8
23,2,8,3,1,2,REROUTE,298.91,298.91,2-6-9-8
23,2,8,3,2,2,REROUTE,428.35,428.35,2-1-5-8
23,2,8,3,3,2,REROUTE,607.36,607.36,2-6-9-8
23,2,8,3,4,2,REROUTE,723.82,723.82,2-1-5-8
23,2,8,3,5,2,REROUTE,932.04,932.04,2-6-9-8
23,2,8,3,6,2,REROUTE,1038.62,1038.62,2-1-0-4-8
23,2,8,3,7,2,REROUTE,1270.20,1270.20,2-6-9-8
23,2,8,3,8,6,OK,1270.20,1374.30,2-6-9-8
23,2,8,3,9,2,REROUTE,1550.29,1550.29,2-6-5-8
23,2,8,3,10,6,OK,1550.29,1652.52,2-6-5-8
23,2,8,3,11,5,OK,1550.29,1792.06,2-6-5-8
23,2,8,3,12,8,OK,1550.29,2197.83,2-6-5-8
24,2,9,0,0,1,REROUTE,1062.12,148.18,1-0-4-5-9
24,2,9,0,1,0,REROUTE,1170.37,328.72,0-4-5-9
24,2,9,0,2,4,TRIGGER_KEPT,1170.37,544.78,0-4-5-9
24,2,9,0,3,5,REROUTE,1329.16,899.22,5-9
24,2,9,0,4,9,OK,1329.16,1339.88,5-9
25,2,9,1,0,1,TRIGGER_KEPT,947.29,150.63,2-1-0-4-5-9
25,2,9,1,1,0,TRIGGER_KEPT,947.29,313.39,2-1-0-4-5-9
25,2,9,1,2,4,TRIGGER_KEPT,947.29,525.61,2-1-0-4-5-9
25,2,9,1,3,5,TRIGGER_KEPT,947.29,726.47,2-1-0-4-5-9
25,2,9,1,4,9,OK,947.29,1302.76,2-1-0-4-5-9
26,2,9,2,0,6,TRIGGER_KEPT,287.50,150.48,2-6-9
26,2,9,2,1,9,OK,287.50,309.06,2-6-9
27,2,9,3,0,6,OK,287.50,143.70,2-6-9
27,2,9,3,1,9,OK,287.50,299.59,2-6-9
28,3,9,0,0,2,OK,1058.79,115.10,3-2-1-0-4-5-9
28,3,9,0,1,1,TRIGGER_KEPT,1058.79,278.45,3-2-1-0-4-5-9
28,3,9,0,2,0,TRIGGER_KEPT,1058.79,561.36,3-2-1-0-4-5-9
28,3,9,0,3,4,REROUTE,1598.53,805.44,4-5-9
28,3,9,0,4,5,REROUTE,1642.27,1154.77,5-9
28,3,9,0,5,9,OK,1642.27,1660.01,5-9
29,3,9,1,0,2,OK,1058.79,115.90,3-2-1-0-4-5-9
29,3,9,1,1,1,TRIGGER_KEPT,1058.79,276.65,3-2-1-0-4-5-9
29,3,9,1,2,0,TRIGGER_KEPT,1058.79,422.90,3-2-1-0-4-5-9
29,3,9,1,3,4,REROUTE,1506.92,669.93,4-5-9
29,3,9,1,4,5,REROUTE,1591.62,1044.89,5-9
29,3,9,1,5,9,OK,1591.62,1620.81,5-9
30,3,9,2,0,2,OK,399.00,115.48,3-2-6-9
30,3,9,2,1,6,OK,399.00,262.52,3-2-6-9
30,3,9,2,2,9,OK,399.00,462.66,3-2-6-9
31,3,9,3,0,2,OK,399.00,115.59,3-2-6-9
31,3,9,3,1,6,OK,399.00,256.29,3-2-6-9
31,3,9,3,2,9,OK,399.00,438.25,3-2-6-9
32,4,7,0,0,5,TRIGGER_KEPT,484.33,172.14,4-5-6-7
32,4,7,0,1,6,REROUTE,548.56,358.58,6-7
32,4,7,0,2,7,OK,548.56,563.09,6-7
33,4,7,1,0,5,REROUTE,544.14,195.30,5-6-7
33,4,7,1,1,6,REROUTE,566.28,372.21,6-7
33,4,7,1,2,7,OK,566.28,574.82,6-7
34,4,7,2,0,4,REROUTE,197.88,197.88,4-0-1-2-3-7
34,4,7,2,1,4,REROUTE,353.33,353.33,4-5-6-7
34,4,7,2,2,4,REROUTE,580.52,580.52,4-0-1-2-3-7
34,4,7,2,3,4,REROUTE,742.63,742.63,4-5-6-7
34,4,7,2,4,4,REROUTE,999.39,999.39,4-0-1-2-3-7
34,4,7,2,5,4,REROUTE,1162.94,1162.94,4-5-6-7
34,4,7,2,6,4,REROUTE,1436.66,1436.66,4-0-1-2-3-7
34,4,7,2,7,4,REROUTE,1600.83,1600.83,4-5-6-7
34,4,7,2,8,4,REROUTE,1889.22,1889.22,4-0-1-2-3-7
34,4,7,2,9,4,REROUTE,2057.42,2057.42,4-5-6-7
34,4,7,2,10,4,REROUTE,2355.74,2355.74,4-0-1-2-3-7
34,4,7,2,11,4,REROUTE,2530.33,2530.33,4-5-6-7
34,4,7,2,12,4,REROUTE,2845.41,2845.41,4-0-1-2-3-7
34,4,7,2,13,4,REROUTE,3023.95,3023.95,4-5-6-7
34,4,7,2,14,4,REROUTE,3347.36,3347.36,4-0-1-2-3-7
34,4,7,2,15,4,REROUTE,3528.87,3528.87,4-5-6-7
34,4,7,2,16,4,REROUTE,3862.83,3862.83,4-0-1-2-3-7
34,4,7,2,17,4,REROUTE,4049.03,4049.03,4-5-6-7
34,4,7,2,18,4,REROUTE,4391.04,4391.04,4-0-1-2-3-7
34,4,7,2,19,4,REROUTE,4583.28,4583.28,4-5-6-7
35,4,7,3,0,4,REROUTE,158.25,158.25,4-5-6-7
35,4,7,3,1,4,REROUTE,333.38,333.38,4-8-9-6-7
35,4,7,3,2,4,REROUTE,485.34,485.34,4-5-6-7
35,4,7,3,3,4,REROUTE,661.57,661.57,4-8-9-6-7
35,4,7,3,4,8,OK,661.57,806.01,4-8-9-6-7
35,4,7,3,5,4,REROUTE,967.42,967.42,4-5-6-7
35,4,7,3,6,4,REROUTE,1132.68,1132.68,4-8-9-6-7
35,4,7,3,7,4,REROUTE,1283.68,1283.68,4-5-6-7
35,4,7,3,8,4,REROUTE,1431.16,1431.16,4-8-9-6-7
35,4,7,3,9,4,REROUTE,1589.99,1589.99,4-5-6-7
35,4,7,3,10,4,REROUTE,1719.48,1719.48,4-8-9-6-7
35,4,7,3,11,4,REROUTE,1871.66,1871.66,4-5-6-7
35,4,7,3,12,4,REROUTE,1993.40,1993.40,4-8-9-6-7
35,4,7,3,13,4,REROUTE,2134.82,2134.82,4-5-6-7
35,4,7,3,14,4,REROUTE,2237.34,2237.34,4-8-9-6-7
35,4,7,3,15,8,OK,2237.34,2378.76,4-8-9-6-7
35,4,7,3,16,4,REROUTE,2559.31,2559.31,4-5-6-7
35,4,7,3,17,5,OK,2559.31,2659.31,4-5-6-7
35,4,7,3,18,4,REROUTE,2948.80,2948.80,4-5-1-2-3-7
35,4,7,3,19,5,OK,2948.80,3048.80,4-5-1-2-3-7
36,4,9,0,0,5,TRIGGER_KEPT,497.29,173.65,4-5-9
36,4,9,0,1,9,OK,497.29,559.66,4-5-9
37,4,9,1,0,5,TRIGGER_KEPT,497.29,173.69,4-5-9
37,4,9,1,1,9,OK,497.29,628.70,4-5-9
38,4,9,2,0,8,REROUTE,293.54,160.47,8-9
38,4,9,2,1,9,OK,293.54,291.79,8-9
39,4,9,3,0,8,TRIGGER_KEPT,289.81,161.11,4-8-9
39,4,9,3,1,9,OK,289.81,314.14,4-8-9
40,5,9,0,0,9,OK,334.79,388.45,5-9
41,5,9,1,0,9,OK,334.79,373.42,5-9
42,5,9,2,0,4,OK,411.31,121.54,5-4-8-9
42,5,9,2,1,5,REROUTE,303.26,303.26,5-6-9
42,5,9,2,2,5,REROUTE,500.06,500.06,5-4-8-9
42,5,9,2,3,4,OK,500.06,623.22,5-4-8-9
42,5,9,2,4,5,REROUTE,854.72,854.72,5-6-9
42,5,9,2,5,5,REROUTE,1092.70,1092.70,5-4-8-9
42,5,9,2,6,4,OK,1092.70,1219.51,5-4-8-9
42,5,9,2,7,5,REROUTE,1424.43,1424.43,5-6-9
42,5,9,2,8,5,REROUTE,1750.56,1750.56,5-4-8-9
42,5,9,2,9,4,OK,1750.56,1879.15,5-4-8-9
42,5,9,2,10,8,OK,1750.56,2020.57,5-4-8-9
42,5,9,2,11,9,OK,1750.56,2277.88,5-4-8-9
43,5,9,3,0,5,REROUTE,169.66,169.66,5-8-9
43,5,9,3,1,5,REROUTE,365.88,365.88,5-6-9
43,5,9,3,2,5,REROUTE,553.31,553.31,5-8-9
43,5,9,3,3,5,REROUTE,770.11,770.11,5-6-9
43,5,9,3,4,5,REROUTE,980.73,980.73,5-8-9
43,5,9,3,5,5,REROUTE,1212.20,1212.20,5-6-9
43,5,9,3,6,5,REROUTE,1439.57,1439.57,5-8-9
43,5,9,3,7,5,REROUTE,1688.45,1688.45,5-6-9
43,5,9,3,8,5,REROUTE,1927.34,1927.34,5-8-9
43,5,9,3,9,5,REROUTE,2193.19,2193.19,5-6-9
43,5,9,3,10,5,REROUTE,2435.73,2435.73,5-8-9
43,5,9,3,11,5,REROUTE,2730.05,2730.05,5-6-9
43,5,9,3,12,5,REROUTE,2974.17,2974.17,5-8-9
43,5,9,3,13,5,REROUTE,3311.83,3311.83,5-6-9
43,5,9,3,14,5,REROUTE,3557.13,3557.13,5-8-9
43,5,9,3,15,5,REROUTE,3949.50,3949.50,5-6-9
43,5,9,3,16,5,REROUTE,4195.63,4195.63,5-8-9
43,5,9,3,17,5,REROUTE,4649.57,4649.57,5-6-9
43,5,9,3,18,5,REROUTE,4896.52,4896.52,5-8-9
43,5,9,3,19,5,REROUTE,5445.08,5445.08,5-6-9
44,6,9,0,0,5,OK,450.79,120.86,6-5-9
44,6,9,0,1,9,OK,450.79,539.95,6-5-9
45,6,9,1,0,5,OK,450.79,119.13,6-5-9
45,6,9,1,1,9,OK,450.79,549.70,6-5-9
46,6,9,2,0,9,OK,140.00,134.09,6-9
47,6,9,3,0,9,OK,140.00,147.53,6-9
48,7,0,0,0,6,TRIGGER_KEPT,503.00,128.37,7-6-5-4-0
48,7,0,0,1,5,TRIGGER_KEPT,503.00,255.84,7-6-5-4-0
48,7,0,0,2,4,OK,503.00,376.88,7-6-5-4-0
48,7,0,0,3,0,OK,503.00,575.26,7-6-5-4-0
49,7,0,1,0,6,TRIGGER_KEPT,503.00,126.84,7-6-5-4-0
49,7,0,1,1,5,REROUTE,543.01,254.10,5-4-0
49,7,0,1,2,4,OK,543.01,379.58,5-4-0
49,7,0,1,3,0,OK,543.01,553.43,5-4-0
50,7,0,2,0,6,OK,483.50,123.78,7-6-5-1-0
50,7,0,2,1,5,OK,483.50,246.23,7-6-5-1-0
50,7,0,2,2,1,OK,483.50,363.73,7-6-5-1-0
50,7,0,2,3,0,OK,483.50,526.43,7-6-5-1-0
51,7,0,3,0,6,OK,483.50,124.11,7-6-5-1-0
51,7,0,3,1,7,REROUTE,252.21,252.21,7-3-2-1-0
51,7,0,3,2,7,REROUTE,352.21,352.21,7-6-5-1-0
51,7,0,3,3,6,OK,352.21,481.80,7-6-5-1-0
51,7,0,3,4,7,REROUTE,632.73,632.73,7-3-2-1-0
51,7,0,3,5,3,OK,632.73,732.73,7-3-2-1-0
51,7,0,3,6,2,OK,632.73,860.12,7-3-2-1-0
51,7,0,3,7,1,TRIGGER_KEPT,632.73,1116.80,7-3-2-1-0
51,7,0,3,8,0,OK,632.73,1314.83,7-3-2-1-0
52,7,9,0,0,6,OK,571.79,124.10,7-6-5-9
52,7,9,0,1,5,OK,571.79,250.36,7-6-5-9
52,7,9,0,2,9,OK,571.79,743.07,7-6-5-9
53,7,9,1,0,6,REROUTE,614.58,127.78,6-5-9
53,7,9,1,1,5,OK,614.58,252.74,6-5-9
53,7,9,1,2,9,OK,614.58,712.31,6-5-9
54,7,9,2,0,6,TRIGGER_KEPT,261.00,127.50,7-6-9
54,7,9,2,1,9,OK,261.00,241.66,7-6-9
55,7,9,3,0,6,OK,261.00,122.98,7-6-9
55,7,9,3,1,9,OK,261.00,280.25,7-6-9
56,8,1,0,0,9,REROUTE,798.17,151.31,9-5-4-0-1
56,8,1,0,1,5,REROUTE,845.78,348.04,5-4-0-1
56,8,1,0,2,4,OK,845.78,472.24,5-4-0-1
56,8,1,0,3,0,TRIGGER_KEPT,845.78,664.10,5-4-0-1
56,8,1,0,4,1,OK,845.78,908.89,5-4-0-1
57,8,1,1,0,9,TRIGGER_KEPT,724.09,144.13,8-9-5-4-0-1
57,8,1,1,1,5,REROUTE,818.53,338.32,5-4-0-1
57,8,1,1,2,4,OK,818.53,453.01,5-4-0-1
57,8,1,1,3,0,TRIGGER_KEPT,818.53,637.35,5-4-0-1
57,8,1,1,4,1,OK,818.53,925.29,5-4-0-1
58,8,1,2,0,8,REROUTE,150.23,150.23,8-9-5-1
58,8,1,2,1,8,REROUTE,321.47,321.47,8-4-5-1
58,8,1,2,2,8,REROUTE,478.51,478.51,8-9-5-1
58,8,1,2,3,8,REROUTE,724.94,724.94,8-4-5-1
58,8,1,2,4,8,REROUTE,885.27,885.27,8-9-5-1
58,8,1,2,5,8,REROUTE,1258.53,1258.53,8-4-5-1
58,8,1,2,6,8,REROUTE,1425.85,1425.85,8-9-5-1
58,8,1,2,7,8,REROUTE,1889.16,1889.16,8-4-5-1
58,8,1,2,8,8,REROUTE,2061.15,2061.15,8-9-5-1
58,8,1,2,9,8,REROUTE,2566.77,2566.77,8-4-5-1
58,8,1,2,10,8,REROUTE,2748.14,2748.14,8-9-5-1
58,8,1,2,11,8,REROUTE,3277.49,3277.49,8-4-5-1
58,8,1,2,12,8,REROUTE,3468.85,3468.85,8-9-5-1
58,8,1,2,13,8,REROUTE,3969.59,3969.59,8-4-5-1
58,8,1,2,14,8,REROUTE,4187.01,4187.01,8-9-5-1
58,8,1,2,15,8,REROUTE,4650.00,4650.00,8-4-5-1
58,8,1,2,16,8,REROUTE,4915.70,4915.70,8-9-5-1
58,8,1,2,17,8,REROUTE,5325.97,5325.97,8-4-5-1
58,8,1,2,18,8,REROUTE,5630.66,5630.66,8-9-5-1
58,8,1,2,19,8,REROUTE,6009.22,6009.22,8-4-5-1
59,8,1,3,0,5,TRIGGER_KEPT,235.00,122.97,8-5-1
59,8,1,3,1,1,OK,235.00,240.47,8-5-1
60,9,0,0,0,5,REROUTE,462.88,189.77,5-4-0
60,9,0,0,1,4,OK,462.88,313.52,5-4-0
60,9,0,0,2,0,OK,462.88,472.00,5-4-0
61,9,0,1,0,5,REROUTE,462.79,189.47,5-4-0
61,9,0,1,1,4,OK,462.79,313.44,5-4-0
61,9,0,1,2,0,OK,462.79,477.15,5-4-0
62,9,0,2,0,8,OK,406.92,114.91,9-8-4-0
62,9,0,2,1,4,REROUTE,438.57,281.21,4-0
62,9,0,2,2,0,OK,438.57,439.79,4-0
63,9,0,3,0,8,OK,406.92,118.28,9-8-4-0
63,9,0,3,1,9,REROUTE,277.24,277.24,9-5-1-0
63,9,0,3,2,9,REROUTE,464.61,464.61,9-8-4-0
63,9,0,3,3,9,REROUTE,616.91,616.91,9-5-1-0
63,9,0,3,4,9,REROUTE,802.76,802.76,9-8-4-0
63,9,0,3,5,9,REROUTE,973.80,973.80,9-5-1-0
63,9,0,3,6,9,REROUTE,1157.76,1157.76,9-8-4-0
63,9,0,3,7,9,REROUTE,1349.26,1349.26,9-5-1-0
63,9,0,3,8,9,REROUTE,1527.27,1527.27,9-8-4-0
63,9,0,3,9,9,REROUTE,1739.60,1739.60,9-5-1-0
63,9,0,3,10,9,REROUTE,1912.75,1912.75,9-8-4-0
63,9,0,3,11,9,REROUTE,2146.71,2146.71,9-5-1-0
63,9,0,3,12,9,REROUTE,2318.79,2318.79,9-8-4-0
63,9,0,3,13,9,REROUTE,2572.51,2572.51,9-5-1-0
63,9,0,3,14,9,REROUTE,2744.98,2744.98,9-8-4-0
63,9,0,3,15,9,REROUTE,3011.45,3011.45,9-5-1-0
63,9,0,3,16,9,REROUTE,3185.39,3185.39,9-8-4-0
63,9,0,3,17,9,REROUTE,3465.00,3465.00,9-5-1-0
63,9,0,3,18,9,REROUTE,3640.47,3640.47,9-8-4-0
63,9,0,3,19,9,REROUTE,3930.94,3930.94,9-5-1-0
64,9,3,0,0,5,REROUTE,901.50,190.30,5-4-0-1-2-3
64,9,3,0,1,4,OK,901.50,305.55,5-4-0-1-2-3
64,9,3,0,2,0,REROUTE,991.53,471.96,0-1-2-3
64,9,3,0,3,1,REROUTE,1028.40,677.65,1-2-3
64,9,3,0,4,2,TRIGGER_KEPT,1028.40,887.23,1-2-3
64,9,3,0,5,3,OK,1028.40,1055.41,1-2-3
65,9,3,1,0,5,TRIGGER_KEPT,854.42,191.02,9-5-4-0-1-2-3
65,9,3,1,1,4,OK,854.42,317.42,9-5-4-0-1-2-3
65,9,3,1,2,0,REROUTE,1094.72,471.57,0-1-2-3
65,9,3,1,3,1,TRIGGER_KEPT,1094.72,786.69,0-1-2-3
65,9,3,1,4,2,OK,1094.72,912.45,0-1-2-3
65,9,3,1,5,3,OK,1094.72,1272.79,0-1-2-3
66,9,3,2,0,9,REROUTE,137.97,137.97,9-5-1-2-3
66,9,3,2,1,9,REROUTE,327.63,327.63,9-6-2-3
66,9,3,2,2,9,REROUTE,480.59,480.59,9-5-1-2-3
66,9,3,2,3,9,REROUTE,672.01,672.01,9-6-2-3
66,9,3,2,4,9,REROUTE,825.17,825.17,9-5-1-2-3
66,9,3,2,5,9,REROUTE,1015.40,1015.40,9-6-2-3
66,9,3,2,6,9,REROUTE,1168.27,1168.27,9-5-1-2-3
66,9,3,2,7,9,REROUTE,1355.67,1355.67,9-6-2-3
66,9,3,2,8,6,OK,1355.67,1505.65,9-6-2-3
66,9,3,2,9,2,OK,1355.67,1655.06,9-6-2-3
66,9,3,2,10,3,OK,1355.67,1936.12,9-6-2-3
67,9,3,3,0,9,REROUTE,133.49,133.49,9-5-1-2-3
67,9,3,3,1,9,REROUTE,323.02,323.02,9-6-2-3
67,9,3,3,2,9,REROUTE,482.52,482.52,9-5-1-2-3
67,9,3,3,3,9,REROUTE,672.94,672.94,9-6-2-3
67,9,3,3,4,9,REROUTE,843.51,843.51,9-5-1-2-3
67,9,3,3,5,9,REROUTE,1034.66,1034.66,9-6-2-3
67,9,3,3,6,9,REROUTE,1219.67,1219.67,9-5-1-2-3
67,9,3,3,7,9,REROUTE,1415.31,1415.31,9-6-2-3
67,9,3,3,8,9,REROUTE,1609.87,1609.87,9-5-1-2-3
67,9,3,3,9,9,REROUTE,1808.41,1808.41,9-6-2-3
67,9,3,3,10,9,REROUTE,2013.87,2013.87,9-5-1-2-3
67,9,3,3,11,9,REROUTE,2215.38,2215.38,9-6-2-3
67,9,3,3,12,9,REROUTE,2427.82,2427.82,9-5-1-2-3
67,9,3,3,13,9,REROUTE,2630.83,2630.83,9-6-2-3
67,9,3,3,14,9,REROUTE,2846.85,2846.85,9-5-1-2-3
67,9,3,3,15,9,REROUTE,3051.60,3051.60,9-6-2-3
67,9,3,3,16,9,REROUTE,3273.52,3273.52,9-5-1-2-3
67,9,3,3,17,9,REROUTE,3479.16,3479.16,9-6-2-3
67,9,3,3,18,9,REROUTE,3706.67,3706.67,9-5-1-2-3
67,9,3,3,19,9,REROUTE,3915.06,3915.06,9-6-2-3
0,0,9,0,0,4,TRIGGER_KEPT,645.30,176.27,0-4-5-9
0,0,9,0,1,5,REROUTE,713.33,342.24,5-9
0,0,9,0,2,9,OK,713.33,728.88,5-9
1,0,9,1,0,4,REROUTE,733.56,170.30,4-5-9
1,0,9,1,1,5,REROUTE,812.21,367.30,5-9
1,0,9,1,2,9,OK,812.21,840.97,5-9
2,0,9,2,0,4,TRIGGER_KEPT,449.81,170.39,0-4-8-9
2,0,9,2,1,8,REROUTE,473.65,341.26,8-9
2,0,9,2,2,9,OK,473.65,478.04,8-9
3,0,9,3,0,4,TRIGGER_KEPT,449.81,172.72,0-4-8-9
3,0,9,3,1,8,REROUTE,465.50,327.99,8-9
3,0,9,3,2,9,OK,465.50,469.19,8-9
4,0,7,0,0,4,TRIGGER_KEPT,638.83,175.39,0-4-5-6-7
4,0,7,0,1,5,TRIGGER_KEPT,638.83,366.95,0-4-5-6-7
4,0,7,0,2,6,TRIGGER_KEPT,638.83,557.93,0-4-5-6-7
4,0,7,0,3,7,OK,638.83,854.84,0-4-5-6-7
5,0,7,1,0,4,REROUTE,709.32,172.59,4-5-6-7
5,0,7,1,1,5,REROUTE,755.74,371.00,5-6-7
5,0,7,1,2,6,REROUTE,783.05,563.28,6-7
5,0,7,1,3,7,OK,783.05,789.33,6-7
6,0,7,2,0,0,REROUTE,157.67,157.67,0-4-5-6-7
6,0,7,2,1,0,REROUTE,351.93,351.93,0-1-5-6-7
6,0,7,2,2,0,REROUTE,569.96,569.96,0-4-5-6-7
6,0,7,2,3,0,REROUTE,792.99,792.99,0-1-5-6-7
6,0,7,2,4,0,REROUTE,1066.26,1066.26,0-4-5-6-7
6,0,7,2,5,0,REROUTE,1306.72,1306.72,0-1-5-6-7
6,0,7,2,6,0,REROUTE,1598.06,1598.06,0-4-8-9-6-7
6,0,7,2,7,0,REROUTE,1849.08,1849.08,0-1-5-6-7
6,0,7,2,8,0,REROUTE,2143.47,2143.47,0-4-8-9-6-7
6,0,7,2,9,0,REROUTE,2402.42,2402.42,0-1-5-6-7
6,0,7,2,10,0,REROUTE,2700.03,2700.03,0-4-8-9-6-7
6,0,7,2,11,0,REROUTE,2970.34,2970.34,0-1-5-6-7
6,0,7,2,12,0,REROUTE,3240.58,3240.58,0-4-8-9-6-7
6,0,7,2,13,0,REROUTE,3516.82,3516.82,0-1-5-6-7
6,0,7,2,14,0,REROUTE,3715.33,3715.33,0-4-8-9-6-7
6,0,7,2,15,0,REROUTE,3996.36,3996.36,0-1-5-6-7
6,0,7,2,16,0,REROUTE,4096.36,4096.36,0-4-8-9-6-7
6,0,7,2,17,0,REROUTE,4381.10,4381.10,0-1-5-6-7
6,0,7,2,18,1,OK,4381.10,4481.10,0-1-5-6-7
6,0,7,2,19,0,REROUTE,5151.10,5151.10,0-4-8-9-6-7
7,0,7,3,0,0,REROUTE,173.62,173.62,0-4-8-9-6-7
7,0,7,3,1,0,REROUTE,373.33,373.33,0-1-5-6-7
7,0,7,3,2,0,REROUTE,631.06,631.06,0-4-8-9-6-7
7,0,7,3,3,0,REROUTE,863.58,863.58,0-1-5-6-7
7,0,7,3,4,0,REROUTE,1162.35,1162.35,0-4-8-9-6-7
7,0,7,3,5,0,REROUTE,1449.79,1449.79,0-1-5-6-7
7,0,7,3,6,0,REROUTE,1814.86,1814.86,0-4-8-9-6-7
7,0,7,3,7,0,REROUTE,2165.69,2165.69,0-1-5-6-7
7,0,7,3,8,0,REROUTE,2608.19,2608.19,0-4-8-9-6-7
7,0,7,3,9,0,REROUTE,3020.55,3020.55,0-1-5-6-7
7,0,7,3,10,0,REROUTE,3573.57,3573.57,0-4-8-9-6-7
7,0,7,3,11,0,REROUTE,4025.79,4025.79,0-1-5-6-7
7,0,7,3,12,0,REROUTE,4749.37,4749.37,0-4-8-9-6-7
7,0,7,3,13,0,REROUTE,5235.70,5235.70,0-1-5-6-7
7,0,7,3,14,0,REROUTE,6136.36,6136.36,0-4-8-9-6-7
7,0,7,3,15,0,REROUTE,6667.05,6667.05,0-1-5-6-7
7,0,7,3,16,0,REROUTE,7943.14,7943.14,0-4-8-9-6-7
7,0,7,3,17,0,REROUTE,8508.61,8508.61,0-1-5-6-7
7,0,7,3,18,0,REROUTE,10091.56,10091.56,0-4-8-9-6-7
7,0,7,3,19,0,REROUTE,10695.76,10695.76,0-1-5-6-7
8,0,3,0,0,1,REROUTE,457.49,155.73,1-2-3
8,0,3,0,1,2,REROUTE,466.46,313.65,2-3
8,0,3,0,2,3,OK,466.46,469.39,2-3
9,0,3,1,0,1,OK,420.00,136.08,0-1-2-3
9,0,3,1,1,2,REROUTE,525.09,355.52,2-3
9,0,3,1,2,3,OK,525.09,558.60,2-3
10,0,3,2,0,1,REROUTE,474.35,152.80,1-2-3
10,0,3,2,1,2,TRIGGER_KEPT,474.35,346.33,1-2-3
10,0,3,2,2,3,OK,474.35,508.24,1-2-3
11,0,3,3,0,1,REROUTE,471.32,171.29,1-2-3
11,0,3,3,1,2,TRIGGER_KEPT,471.32,347.01,1-2-3
11,0,3,3,2,3,OK,471.32,483.91,1-2-3
12,1,8,0,0,0,OK,876.63,117.49,1-0-4-5-9-8
12,1,8,0,1,4,REROUTE,1030.76,314.30,4-5-9-8
12,1,8,0,2,5,TRIGGER_KEPT,1030.76,582.02,4-5-9-8
12,1,8,0,3,9,TRIGGER_KEPT,1030.76,1027.01,4-5-9-8
12,1,8,0,4,8,OK,1030.76,1155.65,4-5-9-8
13,1,8,1,0,0,TRIGGER_KEPT,876.63,136.84,1-0-4-5-9-8
13,1,8,1,1,4,TRIGGER_KEPT,876.63,323.57,1-0-4-5-9-8
13,1,8,1,2,5,REROUTE,1152.12,523.56,5-9-8
13,1,8,1,3,9,TRIGGER_KEPT,1152.12,1084.71,5-9-8
13,1,8,1,4,8,OK,1152.12,1212.50,5-9-8
14,1,8,2,0,0,TRIGGER_KEPT,438.15,133.03,1-0-4-8
14,1,8,2,1,4,REROUTE,489.90,319.56,4-8
14,1,8,2,2,8,OK,489.90,502.44,4-8
15,1,8,3,0,5,OK,307.50,140.33,1-5-8
15,1,8,3,1,8,OK,307.50,353.53,1-5-8
16,1,9,0,0,0,REROUTE,893.62,141.22,0-4-5-9
16,1,9,0,1,4,REROUTE,1002.65,342.05,4-5-9
16,1,9,0,2,5,REROUTE,1075.18,599.37,5-9
16,1,9,0,3,9,OK,1075.18,1128.48,5-9
17,1,9,1,0,0,REROUTE,830.79,130.74,0-4-5-9
17,1,9,1,1,4,TRIGGER_KEPT,830.79,303.39,0-4-5-9
17,1,9,1,2,5,REROUTE,928.45,545.09,5-9
17,1,9,1,3,9,OK,928.45,934.47,5-9
18,1,9,2,0,1,REROUTE,137.68,137.68,1-0-4-8-9
18,1,9,2,1,1,REROUTE,267.30,267.30,1-5-6-9
18,1,9,2,2,1,REROUTE,385.15,385.15,1-0-4-8-9
18,1,9,2,3,1,REROUTE,525.10,525.10,1-5-6-9
18,1,9,2,4,5,OK,525.10,647.35,1-5-6-9
18,1,9,2,5,1,REROUTE,836.70,836.70,1-5-9
18,1,9,2,6,5,OK,836.70,958.91,1-5-9
18,1,9,2,7,9,OK,836.70,1446.21,1-5-9
19,1,9,3,0,1,REROUTE,150.81,150.81,1-0-4-8-9
19,1,9,3,1,0,OK,150.81,276.10,1-0-4-8-9
19,1,9,3,2,1,REROUTE,509.68,509.68,1-5-8-9
19,1,9,3,3,1,REROUTE,702.65,702.65,1-0-4-8-9
19,1,9,3,4,0,OK,702.65,802.65,1-0-4-8-9
19,1,9,3,5,1,REROUTE,1113.29,1113.29,1-5-8-9
19,1,9,3,6,1,REROUTE,1398.32,1398.32,1-0-4-8-9
19,1,9,3,7,0,OK,1398.32,1502.18,1-0-4-8-9
19,1,9,3,8,1,REROUTE,1897.50,1897.50,1-5-8-9
19,1,9,3,9,1,REROUTE,2343.72,2343.72,1-0-4-8-9
19,1,9,3,10,0,OK,2343.72,2443.72,1-0-4-8-9
19,1,9,3,11,1,REROUTE,2975.00,2975.00,1-5-8-9
19,1,9,3,12,1,REROUTE,3657.55,3657.55,1-0-4-8-9
19,1,9,3,13,0,OK,3657.55,3757.55,1-0-4-8-9
19,1,9,3,14,1,REROUTE,4518.09,4518.09,1-5-8-9
19,1,9,3,15,1,REROUTE,5524.36,5524.36,1-0-4-8-9
19,1,9,3,16,0,OK,5524.36,5624.36,1-0-4-8-9
19,1,9,3,17,1,REROUTE,6883.33,6883.33,1-5-8-9
19,1,9,3,18,1,REROUTE,8255.20,8255.20,1-0-4-8-9
19,1,9,3,19,0,OK,8255.20,8355.20,1-0-4-8-9
20,2,8,0,0,1,OK,997.63,125.25,2-1-0-4-5-9-8
20,2,8,0,1,0,OK,997.63,247.86,2-1-0-4-5-9-8
20,2,8,0,2,4,REROUTE,1210.56,468.48,4-5-9-8
20,2,8,0,3,5,REROUTE,1250.82,710.00,5-9-8
20,2,8,0,4,9,REROUTE,1261.64,1135.92,9-8
20,2,8,0,5,8,OK,1261.64,1262.88,9-8
21,2,8,1,0,1,TRIGGER_KEPT,997.63,130.85,2-1-0-4-5-9-8
21,2,8,1,1,0,OK,997.63,242.13,2-1-0-4-5-9-8
21,2,8,1,2,4,TRIGGER_KEPT,997.63,435.35,2-1-0-4-5-9-8
21,2,8,1,3,5,REROUTE,1255.18,715.96,5-9-8
21,2,8,1,4,9,REROUTE,1260.85,1137.36,9-8
21,2,8,1,5,8,OK,1260.85,1258.26,9-8
22,2,8,2,0,2,REROUTE,176.22,176.22,2-1-0-4-8
22,2,8,2,1,2,REROUTE,309.93,309.93,2-6-9-8
22,2,8,2,2,2,REROUTE,481.32,481.32,2-1-0-4-8
22,2,8,2,3,2,REROUTE,628.87,628.87,2-6-9-8
22,2,8,2,4,2,REROUTE,796.10,796.10,2-1-0-4-8
22,2,8,2,5,2,REROUTE,959.38,959.38,2-6-9-8
22,2,8,2,6,2,REROUTE,1129.29,1129.29,2-1-0-4-8
22,2,8,2,7,2,REROUTE,1310.99,1310.99,2-6-9-8
22,2,8,2,8,2,REROUTE,1482.22,1482.22,2-1-0-4-8
22,2,8,2,9,2,REROUTE,1685.87,1685.87,2-6-9-8
22,2,8,2,10,2,REROUTE,1858.15,1858.15,2-1-0-4-8
22,2,8,2,11,2,REROUTE,2078.94,2078.94,2-6-9-8
22,2,8,2,12,2,REROUTE,2254.11,2254.11,2-1-0-4-8
22,2,8,2,13,2,REROUTE,2500.38,2500.38,2-6-9-8
22,2,8,2,14,2,REROUTE,2679.69,2679.69,2-1-0-4-8
22,2,8,2,15,2,REROUTE,2954.13,2954.13,2-6-9-8
22,2,8,2,16,2,REROUTE,3136.06,3136.06,2-1-0-4-8
22,2,8,2,17,2,REROUTE,3434.73,3434.73,2-6-9-8
22,2,8,2,18,2,REROUTE,3617.44,3617.44,2-1-0-4-8
22,2,8,2,19,2,REROUTE,3931.90,3931.90,2-6-9-8
23,2,8,3,0,2,REROUTE,185.88,185.88,2-1-5-8
23,2,8,3,1,2,REROUTE,319.66,319.66,2-6-9-8
23,2,8,3,2,2,REROUTE,521.61,521.61,2-1-5-8
23,2,8,3,3,2,REROUTE,665.01,665.01,2-6-9-8
23,2,8,3,4,2,REROUTE,870.75,870.75,2-1-5-8
23,2,8,3,5,2,REROUTE,1029.77,1029.77,2-6-9-8
23,2,8,3,6,2,REROUTE,1240.42,1240.42,2-1-5-8
23,2,8,3,7,2,REROUTE,1415.70,1415.70,2-6-9-8
23,2,8,3,8,2,REROUTE,1638.98,1638.98,2-1-5-8
23,2,8,3,9,2,REROUTE,1831.32,1831.32,2-6-9-8
23,2,8,3,10,2,REROUTE,2075.74,2075.74,2-1-5-8
23,2,8,3,11,2,REROUTE,2279.22,2279.22,2-6-9-8
23,2,8,3,12,2,REROUTE,2554.64,2554.64,2-1-5-8
23,2,8,3,13,2,REROUTE,2769.24,2769.24,2-6-9-8
23,2,8,3,14,2,REROUTE,3062.64,3062.64,2-1-5-8
23,2,8,3,15,2,REROUTE,3283.83,3283.83,2-6-9-8
23,2,8,3,16,2,REROUTE,3591.58,3591.58,2-1-5-8
23,2,8,3,17,2,REROUTE,3817.12,3817.12,2-6-9-8
23,2,8,3,18,2,REROUTE,4131.62,4131.62,2-1-5-8
23,2,8,3,19,2,REROUTE,4360.24,4360.24,2-6-9-8
24,2,9,0,0,1,TRIGGER_KEPT,883.30,130.55,2-1-0-4-5-9
24,2,9,0,1,0,TRIGGER_KEPT,883.30,284.24,2-1-0-4-5-9
24,2,9,0,2,4,TRIGGER_KEPT,883.30,512.84,2-1-0-4-5-9
24,2,9,0,3,5,REROUTE,1109.74,649.28,5-9
24,2,9,0,4,9,OK,1109.74,1147.10,5-9
25,2,9,1,0,1,TRIGGER_KEPT,883.30,126.23,2-1-0-4-5-9
25,2,9,1,1,0,TRIGGER_KEPT,883.30,284.63,2-1-0-4-5-9
25,2,9,1,2,4,REROUTE,1193.25,472.08,4-5-9
25,2,9,1,3,5,REROUTE,1321.06,806.27,5-9
25,2,9,1,4,9,OK,1321.06,1412.11,5-9
26,2,9,2,0,2,REROUTE,193.10,193.10,2-1-0-4-8-9
26,2,9,2,1,1,OK,193.10,325.33,2-1-0-4-8-9
26,2,9,2,2,2,REROUTE,500.84,500.84,2-6-9
26,2,9,2,3,2,REROUTE,729.78,729.78,2-1-0-4-8-9
26,2,9,2,4,1,OK,729.78,870.36,2-1-0-4-8-9
26,2,9,2,5,2,REROUTE,1045.99,1045.99,2-6-9
26,2,9,2,6,2,REROUTE,1348.79,1348.79,2-1-0-4-8-9
26,2,9,2,7,1,OK,1348.79,1492.07,2-1-0-4-8-9
26,2,9,2,8,2,REROUTE,1658.28,1658.28,2-6-9
26,2,9,2,9,2,REROUTE,2148.87,2148.87,2-1-0-4-8-9
26,2,9,2,10,1,OK,2148.87,2293.94,2-1-0-4-8-9
26,2,9,2,11,2,REROUTE,2458.51,2458.51,2-6-9
26,2,9,2,12,2,REROUTE,3136.21,3136.21,2-1-0-4-8-9
26,2,9,2,13,1,OK,3136.21,3284.65,2-1-0-4-8-9
26,2,9,2,14,2,REROUTE,3465.00,3465.00,2-1-5-6-9
26,2,9,2,15,2,REROUTE,3615.45,3615.45,2-6-9
26,2,9,2,16,2,REROUTE,4423.70,4423.70,2-1-0-4-8-9
26,2,9,2,17,2,REROUTE,4575.45,4575.45,2-6-9
26,2,9,2,18,2,REROUTE,5425.21,5425.21,2-1-0-4-8-9
26,2,9,2,19,2,REROUTE,5577.84,5577.84,2-6-9
27,2,9,3,0,2,REROUTE,184.77,184.77,2-1-5-8-9
27,2,9,3,1,2,REROUTE,325.07,325.07,2-6-9
27,2,9,3,2,2,REROUTE,512.70,512.70,2-1-5-8-9
27,2,9,3,3,2,REROUTE,663.44,663.44,2-6-9
27,2,9,3,4,2,REROUTE,845.89,845.89,2-1-5-8-9
27,2,9,3,5,2,REROUTE,1002.88,1002.88,2-6-9
27,2,9,3,6,2,REROUTE,1186.51,1186.51,2-1-5-8-9
27,2,9,3,7,2,REROUTE,1354.72,1354.72,2-6-9
27,2,9,3,8,2,REROUTE,1561.81,1561.81,2-1-5-8-9
27,2,9,3,9,2,REROUTE,1738.63,1738.63,2-6-9
27,2,9,3,10,2,REROUTE,1978.68,1978.68,2-1-5-8-9
27,2,9,3,11,2,REROUTE,2165.27,2165.27,2-6-9
27,2,9,3,12,2,REROUTE,2438.03,2438.03,2-1-5-8-9
27,2,9,3,13,2,REROUTE,2629.00,2629.00,2-6-9
27,2,9,3,14,2,REROUTE,2948.76,2948.76,2-1-5-8-9
27,2,9,3,15,2,REROUTE,3143.87,3143.87,2-6-9
27,2,9,3,16,2,REROUTE,3517.84,3517.84,2-1-5-8-9
27,2,9,3,17,2,REROUTE,3715.65,3715.65,2-6-9
27,2,9,3,18,2,REROUTE,4118.74,4118.74,2-1-5-8-9
27,2,9,3,19,2,REROUTE,4319.57,4319.57,2-6-9
28,3,9,0,0,2,OK,994.80,113.92,3-2-1-0-4-5-9
28,3,9,0,1,1,REROUTE,1155.45,250.24,1-0-4-5-9
28,3,9,0,2,0,REROUTE,1238.74,358.62,0-4-5-9
28,3,9,0,3,4,REROUTE,1335.22,539.62,4-5-9
28,3,9,0,4,5,REROUTE,1426.59,870.48,5-9
28,3,9,0,5,9,OK,1426.59,1469.96,5-9
29,3,9,1,0,2,OK,994.80,115.72,3-2-1-0-4-5-9
29,3,9,1,1,1,TRIGGER_KEPT,994.80,257.58,3-2-1-0-4-5-9
29,3,9,1,2,0,TRIGGER_KEPT,994.80,413.27,3-2-1-0-4-5-9
29,3,9,1,3,4,TRIGGER_KEPT,994.80,612.81,3-2-1-0-4-5-9
29,3,9,1,4,5,TRIGGER_KEPT,994.80,1002.51,3-2-1-0-4-5-9
29,3,9,1,5,9,OK,994.80,1628.50,3-2-1-0-4-5-9
30,3,9,2,0,2,OK,448.50,115.34,3-2-6-9
30,3,9,2,1,3,REROUTE,296.33,296.33,3-2-1-0-4-8-9
30,3,9,2,2,3,REROUTE,422.92,422.92,3-7-6-9
30,3,9,2,3,3,REROUTE,662.97,662.97,3-2-6-9
30,3,9,2,4,3,REROUTE,801.88,801.88,3-7-6-9
30,3,9,2,5,3,REROUTE,1081.90,1081.90,3-2-6-9
30,3,9,2,6,2,OK,1081.90,1228.95,3-2-6-9
30,3,9,2,7,3,REROUTE,1383.12,1383.12,3-2-1-0-4-8-9
30,3,9,2,8,3,REROUTE,1534.81,1534.81,3-7-6-9
30,3,9,2,9,3,REROUTE,1875.23,1875.23,3-2-6-9
30,3,9,2,10,3,REROUTE,2028.72,2028.72,3-7-6-9
30,3,9,2,11,3,REROUTE,2413.11,2413.11,3-2-6-9
30,3,9,2,12,3,REROUTE,2567.47,2567.47,3-7-6-9
30,3,9,2,13,3,REROUTE,2975.20,2975.20,3-2-6-9
30,3,9,2,14,3,REROUTE,3130.21,3130.21,3-7-6-9
30,3,9,2,15,3,REROUTE,3567.17,3567.17,3-2-6-9
30,3,9,2,16,3,REROUTE,3722.67,3722.67,3-7-6-9
30,3,9,2,17,3,REROUTE,4179.96,4179.96,3-2-6-9
30,3,9,2,18,3,REROUTE,4335.73,4335.73,3-7-6-9
30,3,9,2,19,3,REROUTE,4805.36,4805.36,3-2-6-9
31,3,9,3,0,2,OK,448.50,113.95,3-2-6-9
31,3,9,3,1,3,REROUTE,315.55,315.55,3-2-1-5-8-9
31,3,9,3,2,2,OK,315.55,438.08,3-2-1-5-8-9
31,3,9,3,3,3,REROUTE,597.16,597.16,3-2-6-9
31,3,9,3,4,2,OK,597.16,730.10,3-2-6-9
31,3,9,3,5,3,REROUTE,962.28,962.28,3-2-1-5-8-9
31,3,9,3,6,3,REROUTE,1106.53,1106.53,3-7-6-9
31,3,9,3,7,3,REROUTE,1354.34,1354.34,3-2-6-9
31,3,9,3,8,3,REROUTE,1515.30,1515.30,3-7-6-9
31,3,9,3,9,3,REROUTE,1773.86,1773.86,3-2-6-9
31,3,9,3,10,3,REROUTE,1952.05,1952.05,3-7-6-9
31,3,9,3,11,3,REROUTE,2218.30,2218.30,3-2-6-9
31,3,9,3,12,3,REROUTE,2409.31,2409.31,3-7-6-9
31,3,9,3,13,3,REROUTE,2680.79,2680.79,3-2-6-9
31,3,9,3,14,3,REROUTE,2887.56,2887.56,3-7-6-9
31,3,9,3,15,3,REROUTE,3161.11,3161.11,3-2-6-9
31,3,9,3,16,3,REROUTE,3390.72,3390.72,3-7-6-9
31,3,9,3,17,3,REROUTE,3666.83,3666.83,3-2-6-9
31,3,9,3,18,3,REROUTE,3920.35,3920.35,3-7-6-9
31,3,9,3,19,3,REROUTE,4198.13,4198.13,3-2-6-9
32,4,7,0,0,5,REROUTE,510.04,175.85,5-6-7
32,4,7,0,1,6,TRIGGER_KEPT,510.04,337.36,5-6-7
32,4,7,0,2,7,OK,510.04,517.26,5-6-7
33,4,7,1,0,5,REROUTE,503.07,165.44,5-6-7
33,4,7,1,1,6,REROUTE,528.58,332.77,6-7
33,4,7,1,2,7,OK,528.58,551.60,6-7
34,4,7,2,0,4,REROUTE,159.52,159.52,4-8-9-6-7
34,4,7,2,1,8,OK,159.52,307.20,4-8-9-6-7
34,4,7,2,2,4,REROUTE,482.01,482.01,4-5-6-7
34,4,7,2,3,4,REROUTE,693.84,693.84,4-8-9-6-7
34,4,7,2,4,4,REROUTE,850.37,850.37,4-5-6-7
34,4,7,2,5,4,REROUTE,1109.39,1109.39,4-8-9-6-7
34,4,7,2,6,4,REROUTE,1275.33,1275.33,4-5-6-7
34,4,7,2,7,4,REROUTE,1599.60,1599.60,4-8-9-6-7
34,4,7,2,8,4,REROUTE,1778.87,1778.87,4-5-6-7
34,4,7,2,9,4,REROUTE,2165.41,2165.41,4-8-9-6-7
34,4,7,2,10,4,REROUTE,2353.21,2353.21,4-5-6-7
34,4,7,2,11,4,REROUTE,2773.13,2773.13,4-8-9-6-7
34,4,7,2,12,4,REROUTE,2987.35,2987.35,4-5-6-7
34,4,7,2,13,4,REROUTE,3465.70,3465.70,4-8-9-6-7
34,4,7,2,14,4,REROUTE,3697.73,3697.73,4-5-6-7
34,4,7,2,15,4,REROUTE,4258.69,4258.69,4-8-9-6-7
34,4,7,2,16,4,REROUTE,4499.39,4499.39,4-5-6-7
34,4,7,2,17,4,REROUTE,5156.71,5156.71,4-8-9-6-7
34,4,7,2,18,4,REROUTE,5404.40,5404.40,4-5-6-7
34,4,7,2,19,4,REROUTE,6147.31,6147.31,4-8-9-6-7
35,4,7,3,0,4,REROUTE,170.48,170.48,4-8-9-6-7
35,4,7,3,1,4,REROUTE,339.50,339.50,4-5-6-7
35,4,7,3,2,4,REROUTE,552.01,552.01,4-8-9-6-7
35,4,7,3,3,4,REROUTE,702.33,702.33,4-5-6-7
35,4,7,3,4,4,REROUTE,966.56,966.56,4-8-9-6-7
35,4,7,3,5,8,OK,966.56,1111.90,4-8-9-6-7
35,4,7,3,6,4,REROUTE,1283.35,1283.35,4-5-6-7
35,4,7,3,7,4,REROUTE,1606.37,1606.37,4-8-9-6-7
35,4,7,3,8,8,OK,1606.37,1747.79,4-8-9-6-7
35,4,7,3,9,4,REROUTE,1924.23,1924.23,4-5-6-7
35,4,7,3,10,4,REROUTE,2246.65,2246.65,4-8-9-6-7
35,4,7,3,11,8,OK,2246.65,2388.07,4-8-9-6-7
35,4,7,3,12,4,REROUTE,2561.62,2561.62,4-5-6-7
35,4,7,3,13,4,REROUTE,2833.70,2833.70,4-8-9-6-7
35,4,7,3,14,8,OK,2833.70,2975.12,4-8-9-6-7
35,4,7,3,15,4,REROUTE,3142.08,3142.08,4-5-6-7
35,4,7,3,16,4,REROUTE,3268.89,3268.89,4-8-9-6-7
35,4,7,3,17,8,OK,3268.89,3410.31,4-8-9-6-7
35,4,7,3,18,4,REROUTE,3568.19,3568.19,4-5-6-7
35,4,7,3,19,5,OK,3568.19,3668.19,4-5-6-7
36,4,9,0,0,5,TRIGGER_KEPT,481.30,185.76,4-5-9
36,4,9,0,1,9,OK,481.30,601.41,4-5-9
37,4,9,1,0,5,TRIGGER_KEPT,481.30,187.22,4-5-9
37,4,9,1,1,9,OK,481.30,580.85,4-5-9
38,4,9,2,0,8,REROUTE,296.63,163.35,8-9
38,4,9,2,1,9,OK,296.63,296.32,8-9
39,4,9,3,0,8,REROUTE,294.93,160.82,8-9
39,4,9,3,1,9,OK,294.93,297.84,8-9
40,5,9,0,0,9,OK,323.30,383.72,5-9
41,5,9,1,0,9,OK,323.30,347.75,5-9
42,5,9,2,0,5,REROUTE,161.61,161.61,5-9
42,5,9,2,1,9,OK,161.61,608.83,5-9
43,5,9,3,0,5,REROUTE,180.06,180.06,5-6-9
43,5,9,3,1,5,REROUTE,351.14,351.14,5-8-9
43,5,9,3,2,5,REROUTE,571.54,571.54,5-6-9
43,5,9,3,3,5,REROUTE,761.36,761.36,5-8-9
43,5,9,3,4,5,REROUTE,1053.75,1053.75,5-6-9
43,5,9,3,5,5,REROUTE,1272.44,1272.44,5-8-9
43,5,9,3,6,5,REROUTE,1634.44,1634.44,5-6-9
43,5,9,3,7,5,REROUTE,1898.97,1898.97,5-8-9
43,5,9,3,8,5,REROUTE,2327.21,2327.21,5-6-9
43,5,9,3,9,5,REROUTE,2622.58,2622.58,5-8-9
43,5,9,3,10,5,REROUTE,3092.48,3092.48,5-6-9
43,5,9,3,11,5,REROUTE,3414.42,3414.42,5-8-9
43,5,9,3,12,5,REROUTE,3927.60,3927.60,5-6-9
43,5,9,3,13,5,REROUTE,4278.66,4278.66,5-8-9
43,5,9,3,14,5,REROUTE,4842.17,4842.17,5-6-9
43,5,9,3,15,5,REROUTE,5235.86,5235.86,5-8-9
43,5,9,3,16,5,REROUTE,5825.69,5825.69,5-6-9
43,5,9,3,17,5,REROUTE,6267.51,6267.51,5-8-9
43,5,9,3,18,5,REROUTE,6883.31,6883.31,5-6-9
43,5,9,3,19,5,REROUTE,7376.71,7376.71,5-8-9
44,6,9,0,0,5,TRIGGER_KEPT,452.80,136.87,6-5-9
44,6,9,0,1,9,OK,452.80,561.73,6-5-9
45,6,9,1,0,5,TRIGGER_KEPT,452.80,138.91,6-5-9
45,6,9,1,1,9,OK,452.80,572.86,6-5-9
46,6,9,2,0,9,OK,158.00,175.73,6-9
47,6,9,3,0,9,OK,158.00,189.86,6-9
48,7,0,0,0,6,REROUTE,576.63,130.48,6-5-4-0
48,7,0,0,1,5,REROUTE,602.70,280.42,5-4-0
48,7,0,0,2,4,TRIGGER_KEPT,602.70,460.98,5-4-0
48,7,0,0,3,0,OK,602.70,618.61,5-4-0
49,7,0,1,0,6,OK,539.00,124.73,7-6-5-4-0
49,7,0,1,1,5,REROUTE,599.35,276.18,5-4-0
49,7,0,1,2,4,TRIGGER_KEPT,599.35,437.52,5-4-0
49,7,0,1,3,0,OK,599.35,622.01,5-4-0
50,7,0,2,0,3,OK,469.50,115.42,7-3-2-1-0
50,7,0,2,1,2,OK,469.50,235.56,7-3-2-1-0
50,7,0,2,2,1,REROUTE,536.61,386.10,1-0
50,7,0,2,3,0,OK,536.61,562.73,1-0
51,7,0,3,0,3,REROUTE,475.98,112.76,3-2-1-0
51,7,0,3,1,2,TRIGGER_KEPT,475.98,233.30,3-2-1-0
51,7,0,3,2,1,TRIGGER_KEPT,475.98,378.65,3-2-1-0
51,7,0,3,3,0,OK,475.98,478.65,3-2-1-0
52,7,9,0,0,6,TRIGGER_KEPT,573.80,127.91,7-6-5-9
52,7,9,0,1,5,TRIGGER_KEPT,573.80,283.18,7-6-5-9
52,7,9,0,2,9,OK,573.80,694.49,7-6-5-9
53,7,9,1,0,6,REROUTE,634.28,127.71,6-5-9
53,7,9,1,1,5,TRIGGER_KEPT,634.28,282.34,6-5-9
53,7,9,1,2,9,OK,634.28,698.36,6-5-9
54,7,9,2,0,6,REROUTE,317.99,128.08,6-9
54,7,9,2,1,9,OK,317.99,326.86,6-9
55,7,9,3,0,6,OK,279.00,124.76,7-6-9
55,7,9,3,1,9,OK,279.00,294.78,7-6-9
56,8,1,0,0,9,REROUTE,775.20,135.99,9-5-4-0-1
56,8,1,0,1,5,REROUTE,790.15,329.84,5-4-0-1
56,8,1,0,2,4,OK,790.15,478.32,5-4-0-1
56,8,1,0,3,0,TRIGGER_KEPT,790.15,673.26,5-4-0-1
56,8,1,0,4,1,OK,790.15,800.60,5-4-0-1
57,8,1,1,0,9,OK,736.59,132.24,8-9-5-4-0-1
57,8,1,1,1,5,REROUTE,805.76,323.01,5-4-0-1
57,8,1,1,2,4,TRIGGER_KEPT,805.76,494.47,5-4-0-1
57,8,1,1,3,0,REROUTE,886.65,663.56,0-1
57,8,1,1,4,1,OK,886.65,898.62,0-1
58,8,1,2,0,4,OK,425.59,148.41,8-4-0-1
58,8,1,2,1,0,TRIGGER_KEPT,425.59,301.80,8-4-0-1
58,8,1,2,2,1,OK,425.59,499.54,8-4-0-1
59,8,1,3,0,8,REROUTE,129.38,129.38,8-4-0-1
59,8,1,3,1,8,REROUTE,293.62,293.62,8-5-1
59,8,1,3,2,5,OK,293.62,425.42,8-5-1
59,8,1,3,3,1,OK,293.62,551.10,8-5-1
60,9,0,0,0,5,TRIGGER_KEPT,474.92,187.09,9-5-4-0
60,9,0,0,1,4,REROUTE,489.80,342.39,4-0
60,9,0,0,2,0,OK,489.80,488.74,4-0
61,9,0,1,0,5,REROUTE,493.70,188.86,5-4-0
61,9,0,1,1,4,REROUTE,512.25,360.89,4-0
61,9,0,1,2,0,OK,512.25,516.53,4-0
62,9,0,2,0,9,REROUTE,120.16,120.16,9-6-5-1-0
62,9,0,2,1,9,REROUTE,282.85,282.85,9-8-4-0
62,9,0,2,2,9,REROUTE,426.30,426.30,9-6-5-1-0
62,9,0,2,3,9,REROUTE,633.34,633.34,9-8-4-0
62,9,0,2,4,9,REROUTE,794.98,794.98,9-6-5-1-0
62,9,0,2,5,9,REROUTE,1036.59,1036.59,9-8-4-0
62,9,0,2,6,9,REROUTE,1199.04,1199.04,9-6-5-1-0
62,9,0,2,7,9,REROUTE,1466.00,1466.00,9-8-4-0
62,9,0,2,8,9,REROUTE,1647.03,1647.03,9-6-5-1-0
62,9,0,2,9,9,REROUTE,1940.42,1940.42,9-8-4-0
62,9,0,2,10,9,REROUTE,2171.16,2171.16,9-6-5-1-0
62,9,0,2,11,9,REROUTE,2491.11,2491.11,9-8-4-0
62,9,0,2,12,9,REROUTE,2786.03,2786.03,9-6-5-1-0
62,9,0,2,13,9,REROUTE,3126.45,3126.45,9-8-4-0
62,9,0,2,14,9,REROUTE,3460.89,3460.89,9-6-5-1-0
62,9,0,2,15,9,REROUTE,3811.79,3811.79,9-8-4-0
62,9,0,2,16,9,REROUTE,4213.24,4213.24,9-6-5-1-0
62,9,0,2,17,9,REROUTE,4572.81,4572.81,9-8-4-0
62,9,0,2,18,9,REROUTE,5036.73,5036.73,9-6-5-1-0
62,9,0,2,19,9,REROUTE,5409.57,5409.57,9-8-4-0
63,9,0,3,0,8,OK,406.92,117.29,9-8-4-0
63,9,0,3,1,4,TRIGGER_KEPT,406.92,278.32,9-8-4-0
63,9,0,3,2,0,OK,406.92,430.15,9-8-4-0
64,9,3,0,0,5,TRIGGER_KEPT,894.92,191.75,9-5-4-0-1-2-3
64,9,3,0,1,4,TRIGGER_KEPT,894.92,366.14,9-5-4-0-1-2-3
64,9,3,0,2,0,TRIGGER_KEPT,894.92,546.59,9-5-4-0-1-2-3
64,9,3,0,3,1,REROUTE,1236.19,799.81,1-2-3
64,9,3,0,4,2,TRIGGER_KEPT,1236.19,1146.88,1-2-3
64,9,3,0,5,3,OK,1236.19,1274.94,1-2-3
65,9,3,1,0,5,TRIGGER_KEPT,894.92,186.30,9-5-4-0-1-2-3
65,9,3,1,1,4,REROUTE,1048.39,356.26,4-0-1-2-3
65,9,3,1,2,0,TRIGGER_KEPT,1048.39,541.27,4-0-1-2-3
65,9,3,1,3,1,TRIGGER_KEPT,1048.39,766.84,4-0-1-2-3
65,9,3,1,4,2,REROUTE,1124.96,956.23,2-3
65,9,3,1,5,3,OK,1124.96,1138.53,2-3
66,9,3,2,0,9,REROUTE,136.21,136.21,9-5-1-2-3
66,9,3,2,1,9,REROUTE,336.31,336.31,9-6-2-3
66,9,3,2,2,9,REROUTE,487.83,487.83,9-5-1-2-3
66,9,3,2,3,9,REROUTE,702.56,702.56,9-6-2-3
66,9,3,2,4,9,REROUTE,865.30,865.30,9-5-1-2-3
66,9,3,2,5,9,REROUTE,1089.52,1089.52,9-6-2-3
66,9,3,2,6,9,REROUTE,1253.54,1253.54,9-5-1-2-3
66,9,3,2,7,9,REROUTE,1482.10,1482.10,9-6-2-3
66,9,3,2,8,9,REROUTE,1648.98,1648.98,9-5-1-2-3
66,9,3,2,9,9,REROUTE,1882.95,1882.95,9-6-2-3
66,9,3,2,10,9,REROUTE,2059.02,2059.02,9-5-1-2-3
66,9,3,2,11,9,REROUTE,2298.84,2298.84,9-6-2-3
66,9,3,2,12,9,REROUTE,2486.23,2486.23,9-5-1-2-3
66,9,3,2,13,9,REROUTE,2732.73,2732.73,9-6-2-3
66,9,3,2,14,9,REROUTE,2938.06,2938.06,9-5-1-2-3
66,9,3,2,15,9,REROUTE,3191.74,3191.74,9-6-7-3
66,9,3,2,16,9,REROUTE,3408.81,3408.81,9-5-1-2-3
66,9,3,2,17,9,REROUTE,3669.20,3669.20,9-6-7-3
66,9,3,2,18,9,REROUTE,3891.69,3891.69,9-5-1-2-3
66,9,3,2,19,9,REROUTE,4158.55,4158.55,9-6-7-3
67,9,3,3,0,6,OK,384.00,126.59,9-6-2-3
67,9,3,3,1,2,OK,384.00,254.28,9-6-2-3
67,9,3,3,2,3,OK,384.00,397.84,9-6-2-3
0,0,9,0,0,4,REROUTE,713.24,173.59,4-5-9
0,0,9,0,1,5,TRIGGER_KEPT,713.24,365.69,4-5-9
0,0,9,0,2,9,OK,713.24,785.76,4-5-9
1,0,9,1,0,4,TRIGGER_KEPT,658.03,168.35,0-4-5-9
1,0,9,1,1,5,REROUTE,758.51,349.32,5-9
1,0,9,1,2,9,OK,758.51,775.14,5-9
2,0,9,2,0,4,REROUTE,443.82,166.59,4-8-9
2,0,9,2,1,8,TRIGGER_KEPT,443.82,313.81,4-8-9
2,0,9,2,2,9,OK,443.82,444.99,4-8-9
3,0,9,3,0,0,REROUTE,178.98,178.98,0-1-2-6-9
3,0,9,3,1,0,REROUTE,351.29,351.29,0-4-8-9
3,0,9,3,2,0,REROUTE,579.56,579.56,0-1-2-6-9
3,0,9,3,3,0,REROUTE,798.36,798.36,0-4-8-9
3,0,9,3,4,0,REROUTE,1057.01,1057.01,0-1-2-6-9
3,0,9,3,5,0,REROUTE,1302.22,1302.22,0-4-8-9
3,0,9,3,6,0,REROUTE,1593.09,1593.09,0-1-2-6-9
3,0,9,3,7,0,REROUTE,1853.00,1853.00,0-4-8-9
3,0,9,3,8,0,REROUTE,2173.72,2173.72,0-1-2-6-9
3,0,9,3,9,0,REROUTE,2441.03,2441.03,0-4-8-9
3,0,9,3,10,0,REROUTE,2782.51,2782.51,0-1-2-6-9
3,0,9,3,11,0,REROUTE,3049.75,3049.75,0-4-8-9
3,0,9,3,12,0,REROUTE,3402.82,3402.82,0-1-2-6-9
3,0,9,3,13,0,REROUTE,3672.98,3672.98,0-4-8-9
3,0,9,3,14,0,REROUTE,4030.12,4030.12,0-1-2-6-9
3,0,9,3,15,0,REROUTE,4296.46,4296.46,0-4-8-9
3,0,9,3,16,0,REROUTE,4657.30,4657.30,0-1-2-6-9
3,0,9,3,17,0,REROUTE,4917.10,4917.10,0-4-8-9
3,0,9,3,18,0,REROUTE,5282.72,5282.72,0-1-2-6-9
3,0,9,3,19,0,REROUTE,5531.01,5531.01,0-4-8-9
4,0,7,0,0,4,REROUTE,700.38,170.37,4-5-6-7
4,0,7,0,1,5,TRIGGER_KEPT,700.38,363.95,4-5-6-7
4,0,7,0,2,6,REROUTE,764.29,562.16,6-7
4,0,7,0,3,7,OK,764.29,776.97,6-7
5,0,7,1,0,4,TRIGGER_KEPT,634.83,168.51,0-4-5-6-7
5,0,7,1,1,5,TRIGGER_KEPT,634.83,359.17,0-4-5-6-7
5,0,7,1,2,6,REROUTE,776.81,545.02,6-7
5,0,7,1,3,7,OK,776.81,808.20,6-7
6,0,7,2,0,1,REROUTE,615.87,167.38,1-2-6-7
6,0,7,2,1,2,TRIGGER_KEPT,615.87,278.33,1-2-6-7
6,0,7,2,2,0,REROUTE,408.15,408.15,0-1-2-3-7
6,0,7,2,3,1,REROUTE,1079.15,628.08,1-2-6-7
6,0,7,2,4,2,OK,1079.15,728.08,1-2-6-7
6,0,7,2,5,6,OK,1079.15,859.77,1-2-6-7
6,0,7,2,6,7,OK,1079.15,1094.76,1-2-6-7
7,0,7,3,0,1,REROUTE,622.92,156.95,1-2-3-7
7,0,7,3,1,2,REROUTE,650.53,289.96,2-6-7
7,0,7,3,2,6,OK,650.53,437.86,2-6-7
7,0,7,3,3,7,OK,650.53,686.10,2-6-7
8,0,3,0,0,1,TRIGGER_KEPT,373.50,152.58,0-1-2-3
8,0,3,0,1,2,OK,373.50,279.46,0-1-2-3
8,0,3,0,2,3,OK,373.50,419.48,0-1-2-3
9,0,3,1,0,1,TRIGGER_KEPT,373.50,151.23,0-1-2-3
9,0,3,1,1,2,REROUTE,409.48,287.45,2-3
9,0,3,1,2,3,OK,409.48,408.09,2-3
10,0,3,2,0,1,TRIGGER_KEPT,373.50,132.85,0-1-2-3
10,0,3,2,1,2,OK,373.50,256.35,0-1-2-3
10,0,3,2,2,3,OK,373.50,439.15,0-1-2-3
11,0,3,3,0,1,TRIGGER_KEPT,373.50,146.93,0-1-2-3
11,0,3,3,1,2,OK,373.50,270.78,0-1-2-3
11,0,3,3,2,3,OK,373.50,423.24,0-1-2-3
12,1,8,0,0,0,REROUTE,976.69,131.79,0-4-5-9-8
12,1,8,0,1,4,REROUTE,1043.63,314.04,4-5-9-8
12,1,8,0,2,5,REROUTE,1109.00,547.97,5-9-8
12,1,8,0,3,9,REROUTE,1156.02,1047.81,9-8
12,1,8,0,4,8,OK,1156.02,1155.21,9-8
13,1,8,1,0,0,TRIGGER_KEPT,889.36,134.14,1-0-4-5-9-8
13,1,8,1,1,4,REROUTE,1129.06,305.03,4-5-9-8
13,1,8,1,2,5,REROUTE,1265.33,584.49,5-9-8
13,1,8,1,3,9,REROUTE,1364.64,1226.92,9-8
13,1,8,1,4,8,OK,1364.64,1370.44,9-8
14,1,8,2,0,5,OK,412.42,146.61,1-5-4-8
14,1,8,2,1,4,OK,412.42,262.52,1-5-4-8
14,1,8,2,2,8,OK,412.42,427.19,1-5-4-8
15,1,8,3,0,5,OK,312.00,146.84,1-5-8
15,1,8,3,1,8,OK,312.00,340.22,1-5-8
16,1,9,0,0,0,REROUTE,865.37,131.55,0-4-5-9
16,1,9,0,1,4,TRIGGER_KEPT,865.37,318.24,0-4-5-9
16,1,9,0,2,5,TRIGGER_KEPT,865.37,490.28,0-4-5-9
16,1,9,0,3,9,OK,865.37,951.24,0-4-5-9
17,1,9,1,0,0,REROUTE,857.71,131.59,0-4-5-9
17,1,9,1,1,4,TRIGGER_KEPT,857.71,328.45,0-4-5-9
17,1,9,1,2,5,TRIGGER_KEPT,857.71,560.56,0-4-5-9
17,1,9,1,3,9,OK,857.71,1023.40,0-4-5-9
18,1,9,2,0,1,REROUTE,115.55,115.55,1-5-4-8-9
18,1,9,2,1,1,REROUTE,285.95,285.95,1-2-6-9
18,1,9,2,2,1,REROUTE,385.95,385.95,1-5-4-8-9
18,1,9,2,3,1,REROUTE,565.21,565.21,1-2-6-9
18,1,9,2,4,2,OK,565.21,665.21,1-2-6-9
18,1,9,2,5,1,REROUTE,815.83,815.83,1-5-4-8-9
18,1,9,2,6,1,REROUTE,992.98,992.98,1-2-6-9
18,1,9,2,7,2,OK,992.98,1092.98,1-2-6-9
18,1,9,2,8,6,OK,992.98,1240.27,1-2-6-9
18,1,9,2,9,9,OK,992.98,1417.80,1-2-6-9
19,1,9,3,0,2,OK,400.50,126.77,1-2-6-9
19,1,9,3,1,6,OK,400.50,273.16,1-2-6-9
19,1,9,3,2,9,OK,400.50,380.46,1-2-6-9
20,2,8,0,0,1,TRIGGER_KEPT,1010.36,126.37,2-1-0-4-5-9-8
20,2,8,0,1,0,REROUTE,1213.81,257.46,0-4-5-9-8
20,2,8,0,2,4,TRIGGER_KEPT,1213.81,434.83,0-4-5-9-8
20,2,8,0,3,5,REROUTE,1420.24,738.06,5-9-8
20,2,8,0,4,9,TRIGGER_KEPT,1420.24,1362.02,5-9-8
20,2,8,0,5,8,OK,1420.24,1497.69,5-9-8
21,2,8,1,0,1,TRIGGER_KEPT,1010.36,126.92,2-1-0-4-5-9-8
21,2,8,1,1,0,OK,1010.36,248.50,2-1-0-4-5-9-8
21,2,8,1,2,4,REROUTE,1196.77,462.64,4-5-9-8
21,2,8,1,3,5,REROUTE,1221.44,618.47,5-9-8
21,2,8,1,4,9,TRIGGER_KEPT,1221.44,1121.09,5-9-8
21,2,8,1,5,8,OK,1221.44,1236.65,5-9-8
22,2,8,2,0,6,OK,392.83,143.62,2-6-9-8
22,2,8,2,1,2,REROUTE,266.21,266.21,2-1-5-4-8
22,2,8,2,2,2,REROUTE,427.84,427.84,2-6-9-8
22,2,8,2,3,2,REROUTE,551.66,551.66,2-1-5-4-8
22,2,8,2,4,2,REROUTE,732.97,732.97,2-6-9-8
22,2,8,2,5,6,OK,732.97,850.83,2-6-9-8
22,2,8,2,6,9,OK,732.97,950.83,2-6-9-8
22,2,8,2,7,8,OK,732.97,1150.42,2-6-9-8
23,2,8,3,0,6,OK,392.83,146.91,2-6-9-8
23,2,8,3,1,2,REROUTE,284.76,284.76,2-6-5-8
23,2,8,3,2,2,REROUTE,441.07,441.07,2-1-5-4-8
23,2,8,3,3,2,REROUTE,593.75,593.75,2-6-9-8
23,2,8,3,4,2,REROUTE,770.34,770.34,2-1-5-4-8
23,2,8,3,5,2,REROUTE,935.72,935.72,2-6-9-8
23,2,8,3,6,2,REROUTE,1126.32,1126.32,2-1-5-4-8
23,2,8,3,7,2,REROUTE,1313.62,1313.62,2-6-9-8
23,2,8,3,8,2,REROUTE,1541.07,1541.07,2-1-5-4-8
23,2,8,3,9,2,REROUTE,1763.70,1763.70,2-6-9-8
23,2,8,3,10,2,REROUTE,2062.39,2062.39,2-1-5-4-8
23,2,8,3,11,2,REROUTE,2308.36,2308.36,2-6-9-8
23,2,8,3,12,2,REROUTE,2701.11,2701.11,2-1-5-4-8
23,2,8,3,13,2,REROUTE,2969.01,2969.01,2-6-9-8
23,2,8,3,14,2,REROUTE,3421.48,3421.48,2-1-5-4-8
23,2,8,3,15,2,REROUTE,3717.80,3717.80,2-6-5-8
23,2,8,3,16,2,REROUTE,4228.47,4228.47,2-1-5-4-8
23,2,8,3,17,2,REROUTE,4557.22,4557.22,2-6-5-8
23,2,8,3,18,2,REROUTE,5163.93,5163.93,2-1-5-4-8
23,2,8,3,19,2,REROUTE,5549.14,5549.14,2-6-5-8
24,2,9,0,0,1,REROUTE,973.46,126.08,1-0-4-5-9
24,2,9,0,1,0,OK,973.46,244.20,1-0-4-5-9
24,2,9,0,2,4,REROUTE,1090.39,468.77,4-5-9
24,2,9,0,3,5,REROUTE,1094.15,651.09,5-9
24,2,9,0,4,9,OK,1094.15,1107.20,5-9
25,2,9,1,0,1,TRIGGER_KEPT,896.03,129.91,2-1-0-4-5-9
25,2,9,1,1,0,TRIGGER_KEPT,896.03,274.09,2-1-0-4-5-9
25,2,9,1,2,4,TRIGGER_KEPT,896.03,467.21,2-1-0-4-5-9
25,2,9,1,3,5,REROUTE,1239.86,650.02,5-9
25,2,9,1,4,9,OK,1239.86,1301.72,5-9
26,2,9,2,0,2,REROUTE,134.35,134.35,2-6-9
26,2,9,2,1,2,REROUTE,287.55,287.55,2-1-0-4-8-9
26,2,9,2,2,1,OK,287.55,425.57,2-1-0-4-8-9
26,2,9,2,3,2,REROUTE,678.43,678.43,2-6-9
26,2,9,2,4,6,OK,678.43,819.71,2-6-9
26,2,9,2,5,9,OK,678.43,919.71,2-6-9
27,2,9,3,0,6,OK,278.50,143.22,2-6-9
27,2,9,3,1,9,OK,278.50,299.94,2-6-9
28,3,9,0,0,2,OK,1003.03,108.74,3-2-1-0-4-5-9
28,3,9,0,1,1,REROUTE,1146.24,243.64,1-0-4-5-9
28,3,9,0,2,0,OK,1146.24,357.22,1-0-4-5-9
28,3,9,0,3,4,TRIGGER_KEPT,1146.24,552.90,1-0-4-5-9
28,3,9,0,4,5,TRIGGER_KEPT,1146.24,899.22,1-0-4-5-9
28,3,9,0,5,9,OK,1146.24,1466.60,1-0-4-5-9
29,3,9,1,0,2,OK,1003.03,107.80,3-2-1-0-4-5-9
29,3,9,1,1,1,TRIGGER_KEPT,1003.03,238.33,3-2-1-0-4-5-9
29,3,9,1,2,0,OK,1003.03,338.33,3-2-1-0-4-5-9
29,3,9,1,3,4,REROUTE,1283.31,584.70,4-5-9
29,3,9,1,4,5,TRIGGER_KEPT,1283.31,818.77,4-5-9
29,3,9,1,5,9,OK,1283.31,1333.03,4-5-9
30,3,9,2,0,2,OK,385.50,108.29,3-2-6-9
30,3,9,2,1,6,OK,385.50,250.90,3-2-6-9
30,3,9,2,2,9,OK,385.50,384.86,3-2-6-9
31,3,9,3,0,2,OK,385.50,109.21,3-2-6-9
31,3,9,3,1,6,TRIGGER_KEPT,385.50,249.15,3-2-6-9
31,3,9,3,2,9,OK,385.50,349.15,3-2-6-9
32,4,7,0,0,5,TRIGGER_KEPT,475.33,191.07,4-5-6-7
32,4,7,0,1,6,REROUTE,544.50,357.66,6-7
32,4,7,0,2,7,OK,544.50,563.68,6-7
33,4,7,1,0,5,TRIGGER_KEPT,475.33,181.22,4-5-6-7
33,4,7,1,1,6,REROUTE,557.60,353.18,6-7
33,4,7,1,2,7,OK,557.60,572.99,6-7
34,4,7,2,0,4,REROUTE,174.87,174.87,4-8-9-6-7
34,4,7,2,1,8,OK,174.87,316.29,4-8-9-6-7
34,4,7,2,2,4,REROUTE,472.48,472.48,4-5-6-7
34,4,7,2,3,4,REROUTE,734.52,734.52,4-8-9-6-7
34,4,7,2,4,8,OK,734.52,876.91,4-8-9-6-7
34,4,7,2,5,4,REROUTE,1082.91,1082.91,4-5-6-7
34,4,7,2,6,4,REROUTE,1426.84,1426.84,4-8-9-6-7
34,4,7,2,7,8,OK,1426.84,1574.70,4-8-9-6-7
34,4,7,2,8,4,REROUTE,1848.64,1848.64,4-5-6-7
34,4,7,2,9,4,REROUTE,2258.18,2258.18,4-8-9-6-7
34,4,7,2,10,4,REROUTE,2413.74,2413.74,4-0-1-2-3-7
34,4,7,2,11,4,REROUTE,2646.21,2646.21,4-8-9-6-7
34,4,7,2,12,4,REROUTE,2811.66,2811.66,4-0-1-2-3-7
34,4,7,2,13,4,REROUTE,3052.89,3052.89,4-8-9-6-7
34,4,7,2,14,4,REROUTE,3224.22,3224.22,4-0-1-2-3-7
34,4,7,2,15,4,REROUTE,3477.00,3477.00,4-5-6-7
34,4,7,2,16,4,REROUTE,3990.39,3990.39,4-0-1-2-3-7
34,4,7,2,17,4,REROUTE,4249.12,4249.12,4-5-6-7
34,4,7,2,18,4,REROUTE,4776.75,4776.75,4-0-1-2-3-7
34,4,7,2,19,4,REROUTE,5038.51,5038.51,4-5-6-7
35,4,7,3,0,8,OK,552.92,143.59,4-8-9-6-7
35,4,7,3,1,9,OK,552.92,280.06,4-8-9-6-7
35,4,7,3,2,4,REROUTE,418.41,418.41,4-0-1-2-3-7
35,4,7,3,3,4,REROUTE,627.87,627.87,4-5-6-7
35,4,7,3,4,4,REROUTE,839.58,839.58,4-8-9-6-7
35,4,7,3,5,4,REROUTE,996.78,996.78,4-5-6-7
35,4,7,3,6,4,REROUTE,1155.27,1155.27,4-8-9-6-7
35,4,7,3,7,4,REROUTE,1296.69,1296.69,4-5-6-7
35,4,7,3,8,4,REROUTE,1396.69,1396.69,4-8-9-6-7
35,4,7,3,9,8,OK,1396.69,1538.11,4-8-9-6-7
35,4,7,3,10,4,REROUTE,1756.43,1756.43,4-5-6-7
35,4,7,3,11,5,OK,1756.43,1856.43,4-5-6-7
35,4,7,3,12,4,REROUTE,2106.97,2106.97,4-0-1-2-3-7
35,4,7,3,13,4,REROUTE,2371.17,2371.17,4-5-6-7
35,4,7,3,14,5,OK,2371.17,2471.17,4-5-6-7
35,4,7,3,15,4,REROUTE,2743.74,2743.74,4-0-1-2-3-7
35,4,7,3,16,4,REROUTE,3005.35,3005.35,4-5-6-7
35,4,7,3,17,5,OK,3005.35,3105.35,4-5-6-7
35,4,7,3,18,4,REROUTE,3388.21,3388.21,4-0-1-2-3-7
35,4,7,3,19,4,REROUTE,3649.65,3649.65,4-5-6-7
36,4,9,0,0,5,TRIGGER_KEPT,498.53,181.20,4-5-9
36,4,9,0,1,9,OK,498.53,591.91,4-5-9
37,4,9,1,0,5,TRIGGER_KEPT,498.53,193.82,4-5-9
37,4,9,1,1,9,OK,498.53,629.99,4-5-9
38,4,9,2,0,8,OK,270.09,141.42,4-8-9
38,4,9,2,1,9,OK,270.09,277.24,4-8-9
39,4,9,3,0,8,OK,270.09,141.42,4-8-9
39,4,9,3,1,9,OK,270.09,267.18,4-8-9
40,5,9,0,0,9,OK,340.53,414.42,5-9
41,5,9,1,0,9,OK,340.53,379.17,5-9
42,5,9,2,0,5,REROUTE,165.03,165.03,5-9
42,5,9,2,1,9,OK,165.03,606.04,5-9
43,5,9,3,0,6,REROUTE,303.02,166.31,6-9
43,5,9,3,1,9,OK,303.02,283.24,6-9
44,6,9,0,0,5,OK,456.53,119.94,6-5-9
44,6,9,0,1,9,OK,456.53,508.51,6-5-9
45,6,9,1,0,5,REROUTE,492.23,121.84,5-9
45,6,9,1,1,9,OK,492.23,521.26,5-9
46,6,9,2,0,9,OK,131.00,120.56,6-9
47,6,9,3,0,9,OK,131.00,126.33,6-9
48,7,0,0,0,6,OK,491.00,113.52,7-6-5-4-0
48,7,0,0,1,5,REROUTE,536.01,240.01,5-4-0
48,7,0,0,2,4,OK,536.01,374.87,5-4-0
48,7,0,0,3,0,OK,536.01,561.74,5-4-0
49,7,0,1,0,6,OK,491.00,110.38,7-6-5-4-0
49,7,0,1,1,5,OK,491.00,233.13,7-6-5-4-0
49,7,0,1,2,4,OK,491.00,350.61,7-6-5-4-0
49,7,0,1,3,0,OK,491.00,541.50,7-6-5-4-0
50,7,0,2,0,6,OK,459.50,112.15,7-6-5-1-0
50,7,0,2,1,7,REROUTE,241.62,241.62,7-3-2-1-0
50,7,0,2,2,3,OK,241.62,349.55,7-3-2-1-0
50,7,0,2,3,2,OK,241.62,459.91,7-3-2-1-0
50,7,0,2,4,7,REROUTE,611.94,611.94,7-6-5-4-0
50,7,0,2,5,6,OK,611.94,737.89,7-6-5-4-0
50,7,0,2,6,7,REROUTE,902.22,902.22,7-3-2-1-0
50,7,0,2,7,3,OK,902.22,1002.22,7-3-2-1-0
50,7,0,2,8,2,OK,902.22,1119.50,7-3-2-1-0
50,7,0,2,9,7,REROUTE,1289.43,1289.43,7-6-5-4-0
50,7,0,2,10,7,REROUTE,1435.84,1435.84,7-3-2-1-0
50,7,0,2,11,3,OK,1435.84,1535.84,7-3-2-1-0
50,7,0,2,12,2,OK,1435.84,1658.72,7-3-2-1-0
50,7,0,2,13,7,REROUTE,1834.63,1834.63,7-6-5-4-0
50,7,0,2,14,7,REROUTE,2026.75,2026.75,7-3-2-1-0
50,7,0,2,15,3,OK,2026.75,2126.75,7-3-2-1-0
50,7,0,2,16,2,OK,2026.75,2254.26,7-3-2-1-0
50,7,0,2,17,7,REROUTE,2434.93,2434.93,7-6-5-4-0
50,7,0,2,18,7,REROUTE,2650.60,2650.60,7-3-2-1-0
50,7,0,2,19,3,OK,2650.60,2750.60,7-3-2-1-0
51,7,0,3,0,6,OK,459.50,110.64,7-6-5-1-0
51,7,0,3,1,5,OK,459.50,231.00,7-6-5-1-0
51,7,0,3,2,1,OK,459.50,348.50,7-6-5-1-0
51,7,0,3,3,0,OK,459.50,531.30,7-6-5-1-0
52,7,9,0,0,6,OK,565.53,111.42,7-6-5-9
52,7,9,0,1,5,OK,565.53,233.48,7-6-5-9
52,7,9,0,2,9,OK,565.53,691.20,7-6-5-9
53,7,9,1,0,6,OK,565.53,112.97,7-6-5-9
53,7,9,1,1,5,TRIGGER_KEPT,565.53,241.29,7-6-5-9
53,7,9,1,2,9,OK,565.53,722.29,7-6-5-9
54,7,9,2,0,6,OK,240.00,111.73,7-6-9
54,7,9,2,1,9,OK,240.00,211.73,7-6-9
55,7,9,3,0,6,OK,240.00,111.76,7-6-9
55,7,9,3,1,9,OK,240.00,236.89,7-6-9
56,8,1,0,0,9,REROUTE,754.10,136.01,9-5-4-0-1
56,8,1,0,1,5,REROUTE,790.63,335.44,5-4-0-1
56,8,1,0,2,4,OK,790.63,469.22,5-4-0-1
56,8,1,0,3,0,REROUTE,829.55,645.97,0-1
56,8,1,0,4,1,OK,829.55,835.26,0-1
57,8,1,1,0,9,TRIGGER_KEPT,708.09,143.98,8-9-5-4-0-1
57,8,1,1,1,5,TRIGGER_KEPT,708.09,336.76,8-9-5-4-0-1
57,8,1,1,2,4,OK,708.09,460.79,8-9-5-4-0-1
57,8,1,1,3,0,REROUTE,859.90,656.15,0-1
57,8,1,1,4,1,OK,859.90,883.16,0-1
58,8,1,2,0,4,REROUTE,440.94,158.64,4-5-1
58,8,1,2,1,8,REROUTE,329.18,329.18,8-4-0-1
58,8,1,2,2,4,REROUTE,798.43,501.62,4-5-1
58,8,1,2,3,8,REROUTE,695.12,695.12,8-4-0-1
58,8,1,2,4,4,REROUTE,1188.63,882.27,4-0-1
58,8,1,2,5,0,TRIGGER_KEPT,1188.63,1067.79,4-0-1
58,8,1,2,6,1,OK,1188.63,1180.39,4-0-1
59,8,1,3,0,5,TRIGGER_KEPT,235.00,130.59,8-5-1
59,8,1,3,1,1,OK,235.00,248.09,8-5-1
60,9,0,0,0,5,REROUTE,466.97,191.03,5-4-0
60,9,0,0,1,4,OK,466.97,309.19,5-4-0
60,9,0,0,2,0,OK,466.97,484.61,5-4-0
61,9,0,1,0,5,TRIGGER_KEPT,452.42,186.44,9-5-4-0
61,9,0,1,1,4,OK,452.42,306.36,9-5-4-0
61,9,0,1,2,0,OK,452.42,464.26,9-5-4-0
62,9,0,2,0,8,OK,412.16,111.94,9-8-4-0
62,9,0,2,1,4,TRIGGER_KEPT,412.16,276.08,9-8-4-0
62,9,0,2,2,0,OK,412.16,439.36,9-8-4-0
63,9,0,3,0,8,OK,412.16,115.98,9-8-4-0
63,9,0,3,1,9,REROUTE,272.56,272.56,9-5-1-0
63,9,0,3,2,9,REROUTE,469.75,469.75,9-8-4-0
63,9,0,3,3,9,REROUTE,607.40,607.40,9-5-1-0
63,9,0,3,4,9,REROUTE,809.19,809.19,9-8-4-0
63,9,0,3,5,9,REROUTE,969.03,969.03,9-5-1-0
63,9,0,3,6,9,REROUTE,1174.42,1174.42,9-8-4-0
63,9,0,3,7,9,REROUTE,1348.49,1348.49,9-5-1-0
63,9,0,3,8,9,REROUTE,1557.82,1557.82,9-8-4-0
63,9,0,3,9,9,REROUTE,1741.90,1741.90,9-5-1-0
63,9,0,3,10,9,REROUTE,1957.97,1957.97,9-8-4-0
63,9,0,3,11,9,REROUTE,2159.16,2159.16,9-5-1-0
63,9,0,3,12,9,REROUTE,2382.36,2382.36,9-8-4-0
63,9,0,3,13,9,REROUTE,2613.58,2613.58,9-5-1-0
63,9,0,3,14,9,REROUTE,2840.11,2840.11,9-8-4-0
63,9,0,3,15,9,REROUTE,3114.64,3114.64,9-5-1-0
63,9,0,3,16,9,REROUTE,3342.68,3342.68,9-8-4-0
63,9,0,3,17,9,REROUTE,3664.54,3664.54,9-5-1-0
63,9,0,3,18,9,REROUTE,3894.98,3894.98,9-8-4-0
63,9,0,3,19,9,REROUTE,4246.45,4246.45,9-5-1-0
64,9,3,0,0,5,TRIGGER_KEPT,825.92,189.12,9-5-4-0-1-2-3
64,9,3,0,1,4,OK,825.92,307.03,9-5-4-0-1-2-3
64,9,3,0,2,0,OK,825.92,451.57,9-5-4-0-1-2-3
64,9,3,0,3,1,TRIGGER_KEPT,825.92,671.37,9-5-4-0-1-2-3
64,9,3,0,4,2,OK,825.92,781.00,9-5-4-0-1-2-3
64,9,3,0,5,3,OK,825.92,960.14,9-5-4-0-1-2-3
65,9,3,1,0,5,REROUTE,851.19,189.37,5-4-0-1-2-3
65,9,3,1,1,4,OK,851.19,307.87,5-4-0-1-2-3
65,9,3,1,2,0,REROUTE,942.37,490.34,0-1-2-3
65,9,3,1,3,1,TRIGGER_KEPT,942.37,689.55,0-1-2-3
65,9,3,1,4,2,OK,942.37,832.66,0-1-2-3
65,9,3,1,5,3,OK,942.37,993.63,0-1-2-3
66,9,3,2,0,9,REROUTE,137.09,137.09,9-5-1-2-3
66,9,3,2,1,9,REROUTE,326.47,326.47,9-6-2-3
66,9,3,2,2,9,REROUTE,505.16,505.16,9-5-1-2-3
66,9,3,2,3,9,REROUTE,691.53,691.53,9-6-2-3
66,9,3,2,4,9,REROUTE,905.88,905.88,9-5-1-2-3
66,9,3,2,5,9,REROUTE,1085.43,1085.43,9-6-2-3
66,9,3,2,6,9,REROUTE,1370.01,1370.01,9-5-1-2-3
66,9,3,2,7,9,REROUTE,1539.85,1539.85,9-6-2-3
66,9,3,2,8,9,REROUTE,1915.81,1915.81,9-5-1-2-3
66,9,3,2,9,9,REROUTE,2073.48,2073.48,9-6-2-3
66,9,3,2,10,9,REROUTE,2524.27,2524.27,9-5-1-2-3
66,9,3,2,11,9,REROUTE,2665.69,2665.69,9-6-2-3
66,9,3,2,12,9,REROUTE,3148.95,3148.95,9-5-1-2-3
66,9,3,2,13,5,OK,3148.95,3290.37,9-5-1-2-3
66,9,3,2,14,1,OK,3148.95,3407.87,9-5-1-2-3
66,9,3,2,15,2,OK,3148.95,3533.44,9-5-1-2-3
66,9,3,2,16,3,OK,3148.95,3633.44,9-5-1-2-3
67,9,3,3,0,9,REROUTE,137.82,137.82,9-5-1-2-3
67,9,3,3,1,9,REROUTE,336.06,336.06,9-6-2-3
67,9,3,3,2,9,REROUTE,513.22,513.22,9-5-1-2-3
67,9,3,3,3,9,REROUTE,727.56,727.56,9-6-2-3
67,9,3,3,4,9,REROUTE,926.51,926.51,9-5-1-2-3
67,9,3,3,5,9,REROUTE,1151.79,1151.79,9-6-2-3
67,9,3,3,6,9,REROUTE,1383.44,1383.44,9-8-5-1-2-3
67,9,3,3,7,8,OK,1383.44,1488.73,9-8-5-1-2-3
67,9,3,3,8,5,OK,1383.44,1591.71,9-8-5-1-2-3
67,9,3,3,9,1,OK,1383.44,1709.21,9-8-5-1-2-3
67,9,3,3,10,2,OK,1383.44,1809.21,9-8-5-1-2-3
67,9,3,3,11,3,OK,1383.44,1909.21,9-8-5-1-2-3
